1.000000000000000021e-02 -3.069551494264633265e-02
1.009999999999999960e-02 -3.107943014260068984e-02
1.019999999999999900e-02 -3.145528503356950778e-02
1.029999999999999839e-02 -3.182313972226431809e-02
1.039999999999999779e-02 -3.218305431539665584e-02
1.049999999999999892e-02 -3.253508891967807348e-02
1.059999999999999831e-02 -3.287930364182010956e-02
1.069999999999999771e-02 -3.321575858853430263e-02
1.079999999999999710e-02 -3.354451386653219819e-02
1.089999999999999650e-02 -3.386562958252531397e-02
1.099999999999999589e-02 -3.417916584322522322e-02
1.109999999999999529e-02 -3.448518275534343674e-02
1.119999999999999642e-02 -3.478374042559152779e-02
1.129999999999999581e-02 -3.507489896068100022e-02
1.139999999999999521e-02 -3.535871846732341339e-02
1.149999999999999460e-02 -3.563525905223031282e-02
1.159999999999999400e-02 -3.590458082211323704e-02
1.169999999999999339e-02 -3.616674388368371074e-02
1.179999999999999279e-02 -3.642180834365328634e-02
1.189999999999999392e-02 -3.666983430873351629e-02
1.199999999999999331e-02 -3.691088188563591138e-02
1.209999999999999271e-02 -3.714501118107203792e-02
1.219999999999999210e-02 -3.737228230175342059e-02
1.229999999999999150e-02 -3.759275535439161181e-02
1.239999999999999089e-02 -3.780649044569814321e-02
1.249999999999999029e-02 -3.801354768238456028e-02
1.259999999999999142e-02 -3.821398717116240851e-02
1.269999999999999081e-02 -3.840786901874321951e-02
1.279999999999999021e-02 -3.859525333183851797e-02
1.289999999999998960e-02 -3.877620021715988408e-02
1.299999999999998899e-02 -3.895076978141882168e-02
1.309999999999998839e-02 -3.911902213132690403e-02
1.319999999999998778e-02 -3.928101737359562806e-02
1.329999999999998891e-02 -3.943681561493656701e-02
1.339999999999998831e-02 -3.958647696206126637e-02
1.349999999999998770e-02 -3.973006152168125082e-02
1.359999999999998710e-02 -3.986762940050805198e-02
1.369999999999998649e-02 -3.999924070525323616e-02
1.379999999999998589e-02 -4.012495554262832109e-02
1.389999999999998528e-02 -4.024483401934485921e-02
1.399999999999998641e-02 -4.035893624211438213e-02
1.409999999999998581e-02 -4.046732231764842841e-02
1.419999999999998520e-02 -4.057005235265857129e-02
1.429999999999998460e-02 -4.066718645385632158e-02
1.439999999999998399e-02 -4.075878472795319701e-02
1.449999999999998339e-02 -4.084490728166078471e-02
1.459999999999998452e-02 -4.092561422169060936e-02
1.469999999999998391e-02 -4.100096565475419563e-02
1.479999999999998331e-02 -4.107102168756309596e-02
1.489999999999998270e-02 -4.113584242682884889e-02
1.499999999999998210e-02 -4.119548797926302075e-02
1.509999999999998149e-02 -4.125001845157710845e-02
1.519999999999998089e-02 -4.129949395048265748e-02
1.529999999999998202e-02 -4.134397458269124803e-02
1.539999999999998141e-02 -4.138352045491438397e-02
1.549999999999998081e-02 -4.141819167386361772e-02
1.559999999999998020e-02 -4.144804834625048090e-02
1.569999999999998133e-02 -4.147315057878652594e-02
1.579999999999998073e-02 -4.149355847818329834e-02
1.589999999999998012e-02 -4.150933215115231584e-02
1.599999999999997952e-02 -4.152053170440513086e-02
1.609999999999997891e-02 -4.152721724465328890e-02
1.619999999999997831e-02 -4.152944887860832157e-02
1.629999999999997423e-02 -4.152728671298178131e-02
1.639999999999997710e-02 -4.152079085448522056e-02
1.649999999999997996e-02 -4.151002140983012928e-02
1.659999999999997589e-02 -4.149503848572809461e-02
1.669999999999997528e-02 -4.147590218889063429e-02
1.679999999999997468e-02 -4.145267262602930075e-02
1.689999999999997754e-02 -4.142540990385563254e-02
1.699999999999997347e-02 -4.139417412908115435e-02
1.709999999999997286e-02 -4.135902540841743941e-02
1.719999999999997572e-02 -4.132002384857597771e-02
1.729999999999997512e-02 -4.127722955626838414e-02
1.739999999999997451e-02 -4.123070263820612091e-02
1.749999999999997044e-02 -4.118050320110077517e-02
1.759999999999997330e-02 -4.112669135166386464e-02
1.769999999999997270e-02 -4.106932719660694869e-02
1.779999999999997209e-02 -4.100847084264157283e-02
1.789999999999997149e-02 -4.094418239647924090e-02
1.799999999999997088e-02 -4.087652196483151229e-02
1.809999999999997375e-02 -4.080554965440995330e-02
1.819999999999996967e-02 -4.073132557192608860e-02
1.829999999999996907e-02 -4.065390982409142206e-02
1.839999999999996846e-02 -4.057336251761753387e-02
1.849999999999997133e-02 -4.048974375921596952e-02
1.859999999999997072e-02 -4.040311365559823287e-02
1.869999999999996665e-02 -4.031353231347591104e-02
1.879999999999996951e-02 -4.022105983956050096e-02
1.889999999999996891e-02 -4.012575634056356200e-02
1.899999999999996830e-02 -4.002768192319664659e-02
1.909999999999996423e-02 -3.992689669417128634e-02
1.919999999999996709e-02 -3.982346076019899900e-02
1.929999999999996996e-02 -3.971743422799135087e-02
1.939999999999996588e-02 -3.960887720425987357e-02
1.949999999999996528e-02 -3.949784979571611260e-02
1.959999999999996467e-02 -3.938441210907161344e-02
1.969999999999996754e-02 -3.926862425103789384e-02
1.979999999999996346e-02 -3.915054632832652010e-02
1.989999999999996286e-02 -3.903023844764903078e-02
1.999999999999996572e-02 -3.890776071571693667e-02
2.009999999999996512e-02 -3.878317323924181104e-02
2.019999999999996451e-02 -3.865653612493517854e-02
2.029999999999996044e-02 -3.852790947950858469e-02
2.039999999999996330e-02 -3.839735340967355415e-02
2.049999999999996617e-02 -3.826492802214166017e-02
2.059999999999996209e-02 -3.813069342362442049e-02
2.069999999999996149e-02 -3.799470972083338061e-02
2.079999999999996088e-02 -3.785703123847209556e-02
2.089999999999996375e-02 -3.771768917321212389e-02
2.099999999999995967e-02 -3.757670893971711695e-02
2.109999999999995907e-02 -3.743411595265064978e-02
2.119999999999996193e-02 -3.728993562667632516e-02
2.129999999999996133e-02 -3.714419337645774588e-02
2.139999999999996072e-02 -3.699691461665851472e-02
2.149999999999995665e-02 -3.684812476194222752e-02
2.159999999999995951e-02 -3.669784922697250096e-02
2.169999999999995891e-02 -3.654611342641292393e-02
2.179999999999995830e-02 -3.639294277492709229e-02
2.189999999999995423e-02 -3.623836268717862963e-02
2.199999999999995709e-02 -3.608239857783111793e-02
2.209999999999995995e-02 -3.592507586154816690e-02
2.219999999999995588e-02 -3.576641995299336546e-02
2.229999999999995527e-02 -3.560645626683034415e-02
2.239999999999995467e-02 -3.544521021772267105e-02
2.249999999999995753e-02 -3.528270722033396284e-02
2.259999999999995693e-02 -3.511897268932782229e-02
2.269999999999995285e-02 -3.495403203936785219e-02
2.279999999999995572e-02 -3.478791068511763451e-02
2.289999999999995511e-02 -3.462063404124080673e-02
2.299999999999995451e-02 -3.445222752240094388e-02
2.309999999999995043e-02 -3.428271654326166262e-02
2.319999999999995330e-02 -3.411212651848653798e-02
2.329999999999995616e-02 -3.394048286273920051e-02
2.339999999999995209e-02 -3.376781099068325298e-02
2.349999999999995148e-02 -3.359413631698226349e-02
2.359999999999995088e-02 -3.341948425629986258e-02
2.369999999999995374e-02 -3.324388022329963915e-02
2.379999999999994967e-02 -3.306734963264520988e-02
2.389999999999994906e-02 -3.288991789900017060e-02
2.399999999999995193e-02 -3.271161043702809634e-02
2.409999999999995132e-02 -3.253245266139261765e-02
2.419999999999995072e-02 -3.235246998675734426e-02
2.429999999999994664e-02 -3.217168782778584424e-02
2.439999999999994951e-02 -3.199013159914173426e-02
2.449999999999994890e-02 -3.180782671548862406e-02
2.459999999999994830e-02 -3.162479859149010947e-02
2.469999999999994769e-02 -3.144107264180980021e-02
2.479999999999994709e-02 -3.125667428111127827e-02
2.489999999999994995e-02 -3.107162892405815335e-02
2.499999999999994588e-02 -3.088596198531404213e-02
2.509999999999994527e-02 -3.069969887954253004e-02
2.519999999999994467e-02 -3.051286502140721640e-02
2.529999999999994753e-02 -3.032548582557170747e-02
2.539999999999994693e-02 -3.013758670669961989e-02
2.549999999999994285e-02 -2.994919307945453565e-02
2.559999999999994572e-02 -2.976033035850005060e-02
2.569999999999994511e-02 -2.957102395849978138e-02
2.579999999999994451e-02 -2.938129929411733426e-02
2.589999999999994043e-02 -2.919118178001629468e-02
2.599999999999994330e-02 -2.900069683086027236e-02
2.609999999999994616e-02 -2.880986986131286315e-02
2.619999999999994209e-02 -2.861872628603768023e-02
2.629999999999994148e-02 -2.842729151969831947e-02
2.639999999999994088e-02 -2.823559097695837669e-02
2.649999999999994374e-02 -2.804365007248144775e-02
2.659999999999993966e-02 -2.785149422093117014e-02
2.669999999999993906e-02 -2.765914883697109805e-02
2.679999999999994192e-02 -2.746663933526485857e-02
2.689999999999994132e-02 -2.727399113047604753e-02
2.699999999999994071e-02 -2.708122963726827120e-02
2.709999999999993664e-02 -2.688838027030512196e-02
2.719999999999993950e-02 -2.669546844425021298e-02
2.729999999999993890e-02 -2.650251957376713319e-02
2.739999999999993829e-02 -2.630955907351950271e-02
2.749999999999993769e-02 -2.611661235817090004e-02
2.759999999999993708e-02 -2.592370484238493492e-02
2.769999999999993995e-02 -2.573086194082521358e-02
2.779999999999993587e-02 -2.553810906815534229e-02
2.789999999999993527e-02 -2.534547163903891343e-02
2.799999999999993466e-02 -2.515297506813952630e-02
2.809999999999993753e-02 -2.496064477012078023e-02
2.819999999999993692e-02 -2.476850615964629881e-02
2.829999999999993285e-02 -2.457658465137966056e-02
2.839999999999993571e-02 -2.438490565998446824e-02
2.849999999999993511e-02 -2.419349460012433159e-02
2.859999999999993450e-02 -2.400237688646287074e-02
2.869999999999993043e-02 -2.381157793366363296e-02
2.879999999999993329e-02 -2.362112315639027654e-02
2.889999999999993616e-02 -2.343103796930635918e-02
2.899999999999993208e-02 -2.324134778707552529e-02
2.909999999999993148e-02 -2.305207802436134296e-02
2.919999999999993087e-02 -2.286325409582741497e-02
2.929999999999993374e-02 -2.267490141613736146e-02
2.939999999999992966e-02 -2.248704539995477827e-02
2.949999999999992906e-02 -2.229971146194326820e-02
2.959999999999993192e-02 -2.211292501676640973e-02
2.969999999999993132e-02 -2.192671147908782647e-02
2.979999999999993071e-02 -2.174109626357113509e-02
2.989999999999992664e-02 -2.155610478487990714e-02
2.999999999999992950e-02 -2.137176245767773847e-02
3.009999999999992890e-02 -2.118809469662825962e-02
3.019999999999992829e-02 -2.100512691639506643e-02
3.029999999999992769e-02 -2.082288453164174782e-02
3.039999999999992708e-02 -2.064139295703190657e-02
3.049999999999992994e-02 -2.046067760722915241e-02
3.059999999999992587e-02 -2.028076389689708464e-02
3.069999999999992527e-02 -2.010167724069930259e-02
3.079999999999992466e-02 -1.992344305329939863e-02
3.089999999999992752e-02 -1.974608674936098943e-02
3.099999999999992692e-02 -1.956963374354768123e-02
3.109999999999992285e-02 -1.939410945052305255e-02
3.119999999999992571e-02 -1.921953928495072003e-02
3.129999999999992510e-02 -1.904594866149427954e-02
3.139999999999992103e-02 -1.887336299481734425e-02
3.149999999999992389e-02 -1.870180769958350309e-02
3.159999999999991982e-02 -1.853130819045635189e-02
3.169999999999992268e-02 -1.836188988209951425e-02
3.179999999999992555e-02 -1.819357818917657563e-02
3.189999999999992147e-02 -1.802639852635114226e-02
3.199999999999992434e-02 -1.786037630828680653e-02
3.209999999999992026e-02 -1.769553694964717816e-02
3.219999999999991619e-02 -1.753190586509587381e-02
3.229999999999991905e-02 -1.736950846929646505e-02
3.239999999999992192e-02 -1.720837017691256507e-02
3.249999999999992478e-02 -1.704851640260778359e-02
3.259999999999992071e-02 -1.688997256104571298e-02
3.269999999999991663e-02 -1.673276406688996645e-02
3.279999999999991950e-02 -1.657691633480413637e-02
3.289999999999992236e-02 -1.642245477945181512e-02
3.299999999999991135e-02 -1.626940481549662976e-02
3.309999999999991421e-02 -1.611779185760215186e-02
3.319999999999991708e-02 -1.596764132043199461e-02
3.329999999999991994e-02 -1.581897861864977120e-02
3.339999999999992281e-02 -1.567182916691906708e-02
3.349999999999991179e-02 -1.552621837990350237e-02
3.359999999999991466e-02 -1.538216401243107032e-02
3.369999999999991752e-02 -1.523965317998744393e-02
3.379999999999991345e-02 -1.509866533822271442e-02
3.389999999999991631e-02 -1.495917994278693139e-02
3.399999999999991224e-02 -1.482117644933019646e-02
3.409999999999991510e-02 -1.468463431350257656e-02
3.419999999999991797e-02 -1.454953299095415077e-02
3.429999999999991389e-02 -1.441585193733500685e-02
3.439999999999991676e-02 -1.428357060829520478e-02
3.449999999999991268e-02 -1.415266845948483058e-02
3.459999999999990861e-02 -1.402312494655397201e-02
3.469999999999991147e-02 -1.389491952515269253e-02
3.479999999999991434e-02 -1.376803165093107295e-02
3.489999999999991026e-02 -1.364244077953919235e-02
3.499999999999991313e-02 -1.351812636662712806e-02
3.509999999999990905e-02 -1.339506786784496958e-02
3.519999999999991191e-02 -1.327324473884277517e-02
3.529999999999991478e-02 -1.315263643527063257e-02
3.539999999999990377e-02 -1.303322241277862087e-02
3.549999999999990663e-02 -1.291498212701681046e-02
3.559999999999990949e-02 -1.279789503363528563e-02
3.569999999999991236e-02 -1.268194058828411852e-02
3.579999999999991522e-02 -1.256709824661339341e-02
3.589999999999990421e-02 -1.245334746427319110e-02
3.599999999999990707e-02 -1.234066769691357854e-02
3.609999999999990994e-02 -1.222903840018463133e-02
3.619999999999990586e-02 -1.211843902973644763e-02
3.629999999999990179e-02 -1.200884904121908570e-02
3.639999999999990465e-02 -1.190024789028262808e-02
3.649999999999990752e-02 -1.179261503257715213e-02
3.659999999999991038e-02 -1.168592992375273691e-02
3.669999999999990631e-02 -1.158017201945946671e-02
3.679999999999990223e-02 -1.147532077534740326e-02
3.689999999999990510e-02 -1.137135564706664125e-02
3.699999999999990102e-02 -1.126825609026725454e-02
3.709999999999990389e-02 -1.116600156059930835e-02
3.719999999999990675e-02 -1.106457151371289388e-02
3.729999999999990268e-02 -1.096394540525808155e-02
3.739999999999990554e-02 -1.086410269088495216e-02
3.749999999999990147e-02 -1.076502282624359000e-02
3.759999999999990433e-02 -1.066668526698406026e-02
3.769999999999990026e-02 -1.056906946875644550e-02
3.779999999999989618e-02 -1.047215488721083172e-02
3.789999999999989905e-02 -1.037592097799728413e-02
3.799999999999990191e-02 -1.028034719676588181e-02
3.809999999999990478e-02 -1.018541299916670730e-02
3.819999999999990070e-02 -1.009109784084984314e-02
3.829999999999989663e-02 -9.997381177465361479e-03
3.839999999999989949e-02 -9.904242464663332718e-03
3.849999999999990236e-02 -9.811661158093844606e-03
3.859999999999989828e-02 -9.719616713406979691e-03
3.869999999999989421e-02 -9.628088586252797967e-03
3.879999999999989707e-02 -9.537056232281390655e-03
3.889999999999989994e-02 -9.446499107142829893e-03
3.899999999999990280e-02 -9.356396666487196492e-03
3.909999999999989179e-02 -9.266728365964573000e-03
3.919999999999989465e-02 -9.177473661225024615e-03
3.929999999999989752e-02 -9.088612007918635619e-03
3.939999999999989344e-02 -9.000122861695490292e-03
3.949999999999989631e-02 -8.911985678205655570e-03
3.959999999999989223e-02 -8.824179913099210529e-03
3.969999999999989510e-02 -8.736685022026237715e-03
3.979999999999989796e-02 -8.649480460636814472e-03
3.989999999999989388e-02 -8.562545684581021610e-03
3.999999999999989675e-02 -8.475860149508929534e-03
4.009999999999989267e-02 -8.389403311070612115e-03
4.019999999999988860e-02 -8.303154624916164045e-03
4.029999999999989146e-02 -8.217093546695643583e-03
4.039999999999989433e-02 -8.131199532059143684e-03
4.049999999999989025e-02 -8.045452036656731282e-03
4.059999999999989312e-02 -7.959830516138490658e-03
4.069999999999988904e-02 -7.874323140213272329e-03
4.079999999999989191e-02 -7.788952934824962260e-03
4.089999999999989477e-02 -7.703751639976247345e-03
4.099999999999988376e-02 -7.618750995669802337e-03
4.109999999999988662e-02 -7.533982741908289843e-03
4.119999999999988949e-02 -7.449478618694383748e-03
4.129999999999989235e-02 -7.365270366030760539e-03
4.139999999999989522e-02 -7.281389723920090630e-03
4.149999999999988420e-02 -7.197868432365054844e-03
4.159999999999988707e-02 -7.114738231368307984e-03
4.169999999999988993e-02 -7.032030860932533475e-03
4.179999999999988586e-02 -6.949778061060405202e-03
4.189999999999988178e-02 -6.868011571754589241e-03
4.199999999999988465e-02 -6.786763133017760345e-03
4.209999999999988751e-02 -6.706064484852588929e-03
4.219999999999989038e-02 -6.625947367261751479e-03
4.229999999999988630e-02 -6.546443520247922747e-03
4.239999999999988223e-02 -6.467584683813767076e-03
4.249999999999988509e-02 -6.389402597961957482e-03
4.259999999999988102e-02 -6.311929002695178259e-03
4.269999999999988388e-02 -6.235195638016082474e-03
4.279999999999988675e-02 -6.159234243927355287e-03
4.289999999999988267e-02 -6.084076560431664511e-03
4.299999999999988554e-02 -6.009754327531685765e-03
4.309999999999988146e-02 -5.936299285230093800e-03
4.319999999999988433e-02 -5.863743173529550358e-03
4.329999999999988025e-02 -5.792117732432735394e-03
4.339999999999987618e-02 -5.721454701942326262e-03
4.349999999999987904e-02 -5.651785822060980367e-03
4.359999999999988191e-02 -5.583142832791379399e-03
4.369999999999988477e-02 -5.515557474136195508e-03
4.379999999999988070e-02 -5.449061486098100843e-03
4.389999999999987662e-02 -5.383686608679769288e-03
4.399999999999987949e-02 -5.319464581883868656e-03
4.409999999999988235e-02 -5.256427145713071965e-03
4.419999999999987828e-02 -5.194606040170058302e-03
4.429999999999987420e-02 -5.134033005257491143e-03
4.439999999999987707e-02 -5.074739780978042639e-03
4.449999999999987993e-02 -5.016758107334391009e-03
4.459999999999988279e-02 -4.960119724329206670e-03
4.469999999999987178e-02 -4.904856371965166106e-03
4.479999999999987464e-02 -4.850999790244931928e-03
4.489999999999987751e-02 -4.798581719171180621e-03
4.499999999999987343e-02 -4.747633898746590406e-03
4.509999999999987630e-02 -4.698188068973823892e-03
4.519999999999987222e-02 -4.650275969855557565e-03
4.529999999999987509e-02 -4.603929341394464442e-03
4.539999999999987795e-02 -4.559179923593217540e-03
4.549999999999987388e-02 -4.516059456454489009e-03
4.559999999999987674e-02 -4.474599679980949263e-03
4.569999999999987267e-02 -4.434832334175270452e-03
4.579999999999986859e-02 -4.396789159040129062e-03
4.589999999999987146e-02 -4.360501894578190304e-03
4.599999999999987432e-02 -4.326002280792130665e-03
4.609999999999987025e-02 -4.293322057684623161e-03
4.619999999999987311e-02 -4.262492965258339074e-03
4.629999999999986904e-02 -4.233546743515952289e-03
4.639999999999987190e-02 -4.206515132460131486e-03
4.649999999999987477e-02 -4.181429872093550548e-03
4.659999999999986375e-02 -4.158322702418885096e-03
4.669999999999986662e-02 -4.137225363438802074e-03
4.679999999999986948e-02 -4.118169595155975367e-03
4.689999999999987235e-02 -4.101187137573078859e-03
4.699999999999987521e-02 -4.086309730692784699e-03
4.709999999999986420e-02 -4.073569114517764170e-03
4.719999999999986706e-02 -4.062997029050688554e-03
4.729999999999986993e-02 -4.054625214294232602e-03
4.739999999999986585e-02 -4.048485410251068464e-03
4.749999999999986178e-02 -4.044609356923866555e-03
4.759999999999986464e-02 -4.043028794315299025e-03
4.769999999999986751e-02 -4.043775462428040625e-03
4.779999999999987037e-02 -4.046881101264761769e-03
4.789999999999986630e-02 -4.052377450828133741e-03
4.799999999999986222e-02 -4.060296251120832159e-03
4.809999999999986509e-02 -4.070669242145527437e-03
4.819999999999986101e-02 -4.083528163904890859e-03
4.829999999999986388e-02 -4.098904756401594573e-03
4.839999999999986674e-02 -4.116830759638314199e-03
4.849999999999986267e-02 -4.137337913617719284e-03
4.859999999999986553e-02 -4.160457958342482845e-03
4.869999999999986146e-02 -4.186222633815274430e-03
4.879999999999986432e-02 -4.214663680038771391e-03
4.889999999999986025e-02 -4.245840149301348919e-03
4.899999999999985617e-02 -4.279920343034215174e-03
4.909999999999985903e-02 -4.317099874954281359e-03
4.919999999999986190e-02 -4.357574358778465613e-03
4.929999999999986476e-02 -4.401539408223675669e-03
4.939999999999986069e-02 -4.449190637006827063e-03
4.949999999999985661e-02 -4.500723658844830999e-03
4.959999999999985948e-02 -4.556334087454603880e-03
4.969999999999986234e-02 -4.616217536553059511e-03
4.979999999999985827e-02 -4.680569619857105623e-03
4.989999999999985419e-02 -4.749585951083662091e-03
4.999999999999985706e-02 -4.823462143949640984e-03
5.009999999999985992e-02 -4.902393812171952636e-03
5.019999999999986279e-02 -4.986576569467512585e-03
5.029999999999985177e-02 -5.076206029553225960e-03
5.039999999999985464e-02 -5.171477806146020442e-03
5.049999999999985750e-02 -5.272587512962802030e-03
5.059999999999985343e-02 -5.379730763720474984e-03
5.069999999999985629e-02 -5.493103172135970456e-03
5.079999999999985222e-02 -5.612900351926191841e-03
5.089999999999985508e-02 -5.739317916808053810e-03
5.099999999999985795e-02 -5.872551480498471033e-03
5.109999999999985387e-02 -6.012796656714343435e-03
5.119999999999985674e-02 -6.160249059172604770e-03
5.129999999999985266e-02 -6.315104301590161034e-03
5.139999999999984859e-02 -6.477557997683912154e-03
5.149999999999985145e-02 -6.647805761170791881e-03
5.159999999999985432e-02 -6.826043205767708816e-03
5.169999999999985024e-02 -7.012465945191568954e-03
5.179999999999985311e-02 -7.207269593159291304e-03
5.189999999999984903e-02 -7.410649763387769720e-03
5.199999999999985190e-02 -7.622802069593951832e-03
5.209999999999985476e-02 -7.843922125494730627e-03
5.219999999999984375e-02 -8.074205544807006030e-03
5.229999999999984661e-02 -8.313847941247723070e-03
5.239999999999984948e-02 -8.563044928533781672e-03
5.249999999999985234e-02 -8.821992120382088701e-03
5.259999999999985520e-02 -9.090885130509566633e-03
5.269999999999984419e-02 -9.369919572633098048e-03
5.279999999999984706e-02 -9.659291060469643586e-03
5.289999999999984992e-02 -9.959195207736097968e-03
5.299999999999984585e-02 -1.026982762814934377e-02
5.309999999999984177e-02 -1.059138393542634685e-02
5.319999999999984464e-02 -1.092405974328399844e-02
5.329999999999984750e-02 -1.126805066543920195e-02
5.339999999999985036e-02 -1.162355231560887985e-02
5.349999999999984629e-02 -1.199076030750991645e-02
5.359999999999984222e-02 -1.236987025485927587e-02
5.369999999999984508e-02 -1.276107777137384935e-02
5.379999999999984100e-02 -1.316457847077052122e-02
5.389999999999984387e-02 -1.358056796676625731e-02
5.399999999999984673e-02 -1.400924187307794368e-02
5.409999999999984266e-02 -1.445079580342249759e-02
5.419999999999984552e-02 -1.490542537151682417e-02
5.429999999999984145e-02 -1.537332619107781122e-02
5.439999999999984431e-02 -1.585469387582243844e-02
5.449999999999984024e-02 -1.634972403946758149e-02
5.459999999999983616e-02 -1.685861229573011946e-02
5.469999999999983903e-02 -1.738155425832703729e-02
5.479999999999984189e-02 -1.791874554097521235e-02
5.489999999999984476e-02 -1.847038175739156018e-02
5.499999999999984068e-02 -1.903665852129299285e-02
5.509999999999983661e-02 -1.961777144639637385e-02
5.519999999999983947e-02 -2.021391614641871934e-02
5.529999999999984234e-02 -2.082528823507687546e-02
5.539999999999983826e-02 -2.145208332608773000e-02
5.549999999999983419e-02 -2.209442082674784730e-02
5.559999999999983705e-02 -2.275211531867190815e-02
5.569999999999983992e-02 -2.342490517705420744e-02
5.579999999999984278e-02 -2.411252877708903661e-02
5.589999999999983177e-02 -2.481472449397065932e-02
5.599999999999983463e-02 -2.553123070289343641e-02
5.609999999999983750e-02 -2.626178577905164541e-02
5.619999999999983342e-02 -2.700612809763950142e-02
5.629999999999983629e-02 -2.776399603385143813e-02
5.639999999999983221e-02 -2.853512796288166370e-02
5.649999999999983508e-02 -2.931926225992448690e-02
5.659999999999983794e-02 -3.011613730017420262e-02
5.669999999999983387e-02 -3.092549145882503986e-02
5.679999999999983673e-02 -3.174706311107142187e-02
5.689999999999983266e-02 -3.258059063210758111e-02
5.699999999999982858e-02 -3.342581239712773267e-02
5.709999999999983145e-02 -3.428246678132632064e-02
5.719999999999983431e-02 -3.515029215989757400e-02
5.729999999999983717e-02 -3.602902690803576335e-02
5.739999999999983310e-02 -3.691840940093520790e-02
5.749999999999982903e-02 -3.781817801379012967e-02
5.759999999999983189e-02 -3.872807112179495193e-02
5.769999999999983475e-02 -3.964781887176206665e-02
5.779999999999982374e-02 -4.057711849697649004e-02
5.789999999999982661e-02 -4.151565900234162332e-02
5.799999999999982947e-02 -4.246312939276065263e-02
5.809999999999983233e-02 -4.341921867313681266e-02
5.819999999999983520e-02 -4.438361584837337975e-02
5.829999999999982419e-02 -4.535600992337351228e-02
5.839999999999982705e-02 -4.633608990304064618e-02
5.849999999999982991e-02 -4.732354479227789817e-02
5.859999999999982584e-02 -4.831806359598850298e-02
5.869999999999982176e-02 -4.931933531907584101e-02
5.879999999999982463e-02 -5.032704896644309839e-02
5.889999999999982749e-02 -5.134089354299350982e-02
5.899999999999983036e-02 -5.236055805363035859e-02
5.909999999999982628e-02 -5.338573150325680999e-02
5.919999999999982221e-02 -5.441610289677623752e-02
5.929999999999982507e-02 -5.545135944011634482e-02
5.939999999999982100e-02 -5.649118114330263507e-02
5.949999999999982386e-02 -5.753524621738544120e-02
5.959999999999982673e-02 -5.858323287341472146e-02
5.969999999999982265e-02 -5.963481932244066308e-02
5.979999999999982552e-02 -6.068968377551329368e-02
5.989999999999982144e-02 -6.174750444368272417e-02
5.999999999999982431e-02 -6.280795953799916953e-02
6.009999999999982717e-02 -6.387072726951267820e-02
6.019999999999981616e-02 -6.493548584927326395e-02
6.029999999999981902e-02 -6.600191348833123195e-02
6.039999999999982189e-02 -6.706968839773658209e-02
6.049999999999982475e-02 -6.813840851094433992e-02
6.059999999999982068e-02 -6.920735065102906480e-02
6.069999999999981660e-02 -7.027571136347011971e-02
6.079999999999981947e-02 -7.134268719374722845e-02
6.089999999999982233e-02 -7.240747468733968462e-02
6.099999999999981826e-02 -7.346927038972693447e-02
6.109999999999981418e-02 -7.452727084638857691e-02
6.119999999999981705e-02 -7.558061228827707423e-02
6.129999999999981991e-02 -7.662818968823714716e-02
6.139999999999982278e-02 -7.766883770458662961e-02
6.149999999999981870e-02 -7.870136395189712697e-02
6.159999999999981463e-02 -7.972446786975644073e-02
6.169999999999981749e-02 -8.073682185400593569e-02
6.179999999999981342e-02 -8.173709830048714320e-02
6.189999999999981628e-02 -8.272396960504167784e-02
6.199999999999981221e-02 -8.369610816351100158e-02
6.209999999999981507e-02 -8.465225239965176729e-02
6.219999999999981793e-02 -8.559140484888136391e-02
6.229999999999981386e-02 -8.651263407453214926e-02
6.239999999999981672e-02 -8.741500863993673098e-02
6.249999999999981265e-02 -8.829773317615505213e-02
6.259999999999980858e-02 -8.916055658515732729e-02
6.269999999999981144e-02 -9.000336383664148121e-02
6.279999999999981430e-02 -9.082603990030524432e-02
6.289999999999981717e-02 -9.162846974584647197e-02
6.299999999999982003e-02 -9.241053834296290848e-02
6.309999999999980902e-02 -9.317213066135235366e-02
6.319999999999981188e-02 -9.391313167071271839e-02
6.329999999999981475e-02 -9.463342634074171922e-02
6.339999999999980373e-02 -9.533289964113718373e-02
6.349999999999980660e-02 -9.601143654159696728e-02
6.359999999999980946e-02 -9.666892201181884192e-02
6.369999999999981233e-02 -9.730524102150063526e-02
6.379999999999981519e-02 -9.792027854034010548e-02
6.389999999999980418e-02 -9.851391953803506629e-02
6.399999999999980704e-02 -9.908604898428340080e-02
6.409999999999980991e-02 -9.963655184878286719e-02
6.419999999999979889e-02 -1.001653131012311959e-01
6.429999999999981564e-02 -1.006722177113263950e-01
6.439999999999980462e-02 -1.011571506487660560e-01
6.449999999999980749e-02 -1.016199968832481315e-01
6.459999999999981035e-02 -1.020606413844704213e-01
6.469999999999979934e-02 -1.024789691221306281e-01
6.479999999999981608e-02 -1.028748650659267044e-01
6.489999999999980507e-02 -1.032482141855562835e-01
6.499999999999980793e-02 -1.035989014507173039e-01
6.509999999999979692e-02 -1.039268118311075517e-01
6.519999999999979978e-02 -1.042318302964248683e-01
6.529999999999981652e-02 -1.045138418163670257e-01
6.539999999999980551e-02 -1.047727313606317684e-01
6.549999999999979450e-02 -1.050083838989169654e-01
6.559999999999979736e-02 -1.052206844009204167e-01
6.569999999999980023e-02 -1.054095178363399915e-01
6.579999999999980309e-02 -1.055747691748734202e-01
6.589999999999980596e-02 -1.057163233862185303e-01
6.599999999999979494e-02 -1.058340654400731357e-01
6.609999999999979781e-02 -1.059278803061350221e-01
6.619999999999980067e-02 -1.059976529541021006e-01
6.629999999999980353e-02 -1.060432683536720183e-01
6.639999999999980640e-02 -1.060646114745426860e-01
6.649999999999979539e-02 -1.060615672864118758e-01
6.659999999999979825e-02 -1.060340207589774292e-01
6.669999999999978724e-02 -1.059818568619371182e-01
6.679999999999980398e-02 -1.059049605649887704e-01
6.689999999999980684e-02 -1.058032168378301857e-01
6.699999999999979583e-02 -1.056765106501592333e-01
6.709999999999979869e-02 -1.055247269716736436e-01
6.719999999999978768e-02 -1.053477507720712719e-01
6.729999999999980442e-02 -1.051454670210498349e-01
6.739999999999979341e-02 -1.049177606883072572e-01
6.749999999999979627e-02 -1.046645167435412832e-01
6.759999999999979914e-02 -1.043857137098462701e-01
6.769999999999978813e-02 -1.040817043239025130e-01
6.779999999999980487e-02 -1.037529348757868231e-01
6.789999999999979385e-02 -1.033998516555760944e-01
6.799999999999979672e-02 -1.030229009533471102e-01
6.809999999999979958e-02 -1.026225290591767508e-01
6.819999999999978857e-02 -1.021991822631418689e-01
6.829999999999977756e-02 -1.017533068553192338e-01
6.839999999999979430e-02 -1.012853491257856564e-01
6.849999999999979716e-02 -1.007957553646180032e-01
6.859999999999980003e-02 -1.002849718618932240e-01
6.869999999999978901e-02 -9.975344490768803252e-02
6.879999999999977800e-02 -9.920162079207933692e-02
6.889999999999979474e-02 -9.862994580514382326e-02
6.899999999999978373e-02 -9.803886623695851066e-02
6.909999999999980047e-02 -9.742882837760005743e-02
6.919999999999978946e-02 -9.680027851714548270e-02
6.929999999999977844e-02 -9.615366294567155581e-02
6.939999999999979519e-02 -9.548942795325500443e-02
6.949999999999978417e-02 -9.480801982997280608e-02
6.959999999999980091e-02 -9.410988486590164681e-02
6.969999999999978990e-02 -9.339546935111857351e-02
6.979999999999977889e-02 -9.266521957570029999e-02
6.989999999999978175e-02 -9.191958182972367886e-02
6.999999999999978462e-02 -9.115900240326541004e-02
7.009999999999980136e-02 -9.038392758640241553e-02
7.019999999999979035e-02 -8.959480366921172834e-02
7.029999999999977933e-02 -8.879207694177000676e-02
7.039999999999978220e-02 -8.797619369415406176e-02
7.049999999999978506e-02 -8.714760021644067656e-02
7.059999999999978793e-02 -8.630674279870687027e-02
7.069999999999979079e-02 -8.545406773102928732e-02
7.079999999999977978e-02 -8.459002130348497461e-02
7.089999999999978264e-02 -8.371504980615064595e-02
7.099999999999978550e-02 -8.282959952910300128e-02
7.109999999999977449e-02 -8.193411676241915687e-02
7.119999999999979123e-02 -8.102904779617568776e-02
7.129999999999978022e-02 -8.011483892044965471e-02
7.139999999999978308e-02 -7.919193642531779931e-02
7.149999999999977207e-02 -7.826078660085694638e-02
7.159999999999977494e-02 -7.732183573714378200e-02
7.169999999999979168e-02 -7.637553012425531140e-02
7.179999999999978066e-02 -7.542231605226845659e-02
7.189999999999978353e-02 -7.446263981125994524e-02
7.199999999999977252e-02 -7.349694769130661609e-02
7.209999999999977538e-02 -7.252568598248515519e-02
7.219999999999977824e-02 -7.154930097487269269e-02
7.229999999999978111e-02 -7.056822312098101624e-02
7.239999999999978397e-02 -6.958281952306367979e-02
7.249999999999977296e-02 -6.859344144580900582e-02
7.259999999999977582e-02 -6.760044015390535843e-02
7.269999999999977869e-02 -6.660416691204151807e-02
7.279999999999978155e-02 -6.560497298490565454e-02
7.289999999999978442e-02 -6.460320963718658993e-02
7.299999999999977340e-02 -6.359922813357270222e-02
7.309999999999976239e-02 -6.259337973875242489e-02
7.319999999999977913e-02 -6.158601571741413594e-02
7.329999999999978200e-02 -6.057748733424645621e-02
7.339999999999978486e-02 -5.956814529278541687e-02
7.349999999999977385e-02 -5.855833805195608671e-02
7.359999999999976283e-02 -5.754841350953109752e-02
7.369999999999977958e-02 -5.653871956328292842e-02
7.379999999999976856e-02 -5.552960411098447485e-02
7.389999999999977143e-02 -5.452141393992233215e-02
7.399999999999977429e-02 -5.351449139544096206e-02
7.409999999999976328e-02 -5.250917771239857479e-02
7.419999999999978002e-02 -5.150581412565348460e-02
7.429999999999976901e-02 -5.050474187006437354e-02
7.439999999999977187e-02 -4.950630218048938241e-02
7.449999999999977474e-02 -4.851083629178719325e-02
7.459999999999976372e-02 -4.751868543881609952e-02
7.469999999999978046e-02 -4.653019085643438774e-02
7.479999999999976945e-02 -4.554569377950073300e-02
7.489999999999975844e-02 -4.456553544287342877e-02
7.499999999999977518e-02 -4.359005708141071994e-02
7.509999999999976417e-02 -4.261959992997133712e-02
7.519999999999976703e-02 -4.165450522341352518e-02
7.529999999999976990e-02 -4.069511419659559148e-02
7.539999999999975888e-02 -3.974176808437621111e-02
7.549999999999977562e-02 -3.879480812161353875e-02
7.559999999999976461e-02 -3.785457554316625645e-02
7.569999999999976747e-02 -3.692141158389264377e-02
7.579999999999977034e-02 -3.599560870623932929e-02
7.589999999999975933e-02 -3.507726428300681626e-02
7.599999999999977607e-02 -3.416642691458339487e-02
7.609999999999976505e-02 -3.326314520135790348e-02
7.619999999999976792e-02 -3.236746774371879187e-02
7.629999999999977078e-02 -3.147944314205447514e-02
7.639999999999975977e-02 -3.059911999675379510e-02
7.649999999999976263e-02 -2.972654690820519807e-02
7.659999999999976550e-02 -2.886177247679712690e-02
7.669999999999975449e-02 -2.800484530291840607e-02
7.679999999999975735e-02 -2.715581398695747148e-02
7.689999999999976021e-02 -2.631472712930278332e-02
7.699999999999976308e-02 -2.548163333034314873e-02
7.709999999999976594e-02 -2.465658119046689259e-02
7.719999999999975493e-02 -2.383961931006281856e-02
7.729999999999975779e-02 -2.303079628951940419e-02
7.739999999999976066e-02 -2.223016072922509231e-02
7.749999999999976352e-02 -2.143776122956867619e-02
7.759999999999976639e-02 -2.065364639093849111e-02
7.769999999999975537e-02 -1.987786481372335115e-02
7.779999999999975824e-02 -1.911046509831171997e-02
7.789999999999976110e-02 -1.835149584509203693e-02
7.799999999999976397e-02 -1.760100565445310919e-02
7.809999999999975295e-02 -1.685904312678337957e-02
7.819999999999975582e-02 -1.612565686247132563e-02
7.829999999999975868e-02 -1.540089546190573019e-02
7.839999999999974767e-02 -1.468480752547505347e-02
7.849999999999976441e-02 -1.397744165356776258e-02
7.859999999999975340e-02 -1.327884644657264038e-02
7.869999999999975626e-02 -1.258907050487805164e-02
7.879999999999975913e-02 -1.190816242887275667e-02
7.889999999999974811e-02 -1.123617081894524167e-02
7.899999999999976485e-02 -1.057314427548397204e-02
7.909999999999975384e-02 -9.919131398877713279e-03
7.919999999999975671e-02 -9.274180789514845785e-03
7.929999999999975957e-02 -8.638341047784128118e-03
7.939999999999974856e-02 -8.011660774074030877e-03
7.949999999999976530e-02 -7.394188568773044611e-03
7.959999999999975429e-02 -6.785949349401386617e-03
7.969999999999974327e-02 -6.186873302004892300e-03
7.979999999999976001e-02 -5.596866929760885290e-03
7.989999999999974900e-02 -5.015836735846936414e-03
7.999999999999973799e-02 -4.443689223440356294e-03
8.009999999999975473e-02 -3.880330895718468558e-03
8.019999999999974372e-02 -3.325668255858834493e-03
8.029999999999976046e-02 -2.779607807038698367e-03
8.039999999999974944e-02 -2.242056052435617130e-03
8.049999999999973843e-02 -1.712919495226911592e-03
8.059999999999975517e-02 -1.192104638589908854e-03
8.069999999999974416e-02 -6.795179857021596851e-04
8.079999999999976090e-02 -1.750660397409197909e-04
8.089999999999974989e-02 3.213446961162666721e-04
8.099999999999973888e-02 8.098077186920710864e-04
8.109999999999975562e-02 1.290416524809159847e-03
8.119999999999974460e-02 1.763264611289994382e-03
8.129999999999974747e-02 2.228445474957246181e-03
8.139999999999975033e-02 2.686052612633573616e-03
8.149999999999973932e-02 3.136179521141447494e-03
8.159999999999974218e-02 3.578919697303534642e-03
8.169999999999974505e-02 4.014366637942491482e-03
8.179999999999974791e-02 4.442613839880796625e-03
8.189999999999975078e-02 4.863754799941168508e-03
8.199999999999973976e-02 5.277883014946087477e-03
8.209999999999974263e-02 5.685091981718211687e-03
8.219999999999974549e-02 6.085475197080196692e-03
8.229999999999973448e-02 6.479126157854528910e-03
8.239999999999975122e-02 6.866138360863915935e-03
8.249999999999974021e-02 7.246605302930852859e-03
8.259999999999974307e-02 7.620620480877986561e-03
8.269999999999974594e-02 7.988277391527973462e-03
8.279999999999973492e-02 8.349669531703301714e-03
8.289999999999973779e-02 8.704890398226630341e-03
8.299999999999974065e-02 9.054033487920606221e-03
8.309999999999974352e-02 9.397192297607721845e-03
8.319999999999973250e-02 9.734460324110634499e-03
8.329999999999973537e-02 1.006593106425198413e-02
8.339999999999973823e-02 1.039169801485427709e-02
8.349999999999974110e-02 1.071185467274020885e-02
8.359999999999974396e-02 1.102649453473228056e-02
8.369999999999973295e-02 1.133571109765314604e-02
8.379999999999973581e-02 1.163959785832543656e-02
8.389999999999973868e-02 1.193824831357166716e-02
8.399999999999974154e-02 1.223175596021452809e-02
8.409999999999974440e-02 1.252021429507652918e-02
8.419999999999973339e-02 1.280371681498031558e-02
8.429999999999973626e-02 1.308235701674852029e-02
8.439999999999973912e-02 1.335622839720366530e-02
8.449999999999972811e-02 1.362542445316839226e-02
8.459999999999974485e-02 1.389003868146533420e-02
8.469999999999973384e-02 1.415016457891701482e-02
8.479999999999972282e-02 1.440589564234606539e-02
8.489999999999973956e-02 1.465732536857513278e-02
8.499999999999972855e-02 1.490454725442673725e-02
8.509999999999974529e-02 1.514765479672354649e-02
8.519999999999973428e-02 1.538674149228809289e-02
8.529999999999972327e-02 1.562190083794301639e-02
8.539999999999974001e-02 1.585322633051093263e-02
8.549999999999972899e-02 1.608081146681439311e-02
8.559999999999973186e-02 1.630474974367604121e-02
8.569999999999973472e-02 1.652513465791842842e-02
8.579999999999972371e-02 1.674205970636418947e-02
8.589999999999974045e-02 1.695561838583593481e-02
8.599999999999972944e-02 1.716589250061789640e-02
8.609999999999971843e-02 1.737291708484111838e-02
8.619999999999973517e-02 1.757671548009832885e-02
8.629999999999972415e-02 1.777731102798216570e-02
8.639999999999972702e-02 1.797472707008535703e-02
8.649999999999972988e-02 1.816898694800062747e-02
8.659999999999971887e-02 1.836011400332061838e-02
8.669999999999973561e-02 1.854813157763808215e-02
8.679999999999972460e-02 1.873306301254565667e-02
8.689999999999972746e-02 1.891493164963608045e-02
8.699999999999973033e-02 1.909376083050207118e-02
8.709999999999971931e-02 1.926957389673627369e-02
8.719999999999973606e-02 1.944239418993143342e-02
8.729999999999972504e-02 1.961224505168019522e-02
8.739999999999972791e-02 1.977914982357529064e-02
8.749999999999973077e-02 1.994313184720944085e-02
8.759999999999971976e-02 2.010421446417529068e-02
8.769999999999972262e-02 2.026242101606556476e-02
8.779999999999972549e-02 2.041777484447298077e-02
8.789999999999972835e-02 2.057029929099018703e-02
8.799999999999971734e-02 2.072001769720992204e-02
8.809999999999972020e-02 2.086695340472488266e-02
8.819999999999972307e-02 2.101112975512773456e-02
8.829999999999972593e-02 2.115257009001121624e-02
8.839999999999971492e-02 2.129129775096799335e-02
8.849999999999971778e-02 2.142733607959076622e-02
8.859999999999972065e-02 2.156070841747225950e-02
8.869999999999972351e-02 2.169143810620513188e-02
8.879999999999972637e-02 2.181954848738212188e-02
8.889999999999971536e-02 2.194506290259588474e-02
8.899999999999971823e-02 2.206800469343914856e-02
8.909999999999972109e-02 2.218839720150461367e-02
8.919999999999972395e-02 2.230626376838495614e-02
8.929999999999971294e-02 2.242162773567287631e-02
8.939999999999971581e-02 2.253451244496109881e-02
8.949999999999971867e-02 2.264494123784229276e-02
8.959999999999970766e-02 2.275293745590916197e-02
8.969999999999972440e-02 2.285852444075441373e-02
8.979999999999971338e-02 2.296172553397073449e-02
8.989999999999971625e-02 2.306256407715083501e-02
8.999999999999971911e-02 2.316106341188739481e-02
9.009999999999970810e-02 2.325724687977312119e-02
9.019999999999972484e-02 2.335113782240071795e-02
9.029999999999971383e-02 2.344275958136287502e-02
9.039999999999971669e-02 2.353213549825229622e-02
9.049999999999971956e-02 2.361928891466167149e-02
9.059999999999970854e-02 2.370424317218368729e-02
9.069999999999972529e-02 2.378702161241108559e-02
9.079999999999971427e-02 2.386764757693650776e-02
9.089999999999970326e-02 2.394614440735268537e-02
9.099999999999972000e-02 2.402253544525231876e-02
9.109999999999970899e-02 2.409684403222809093e-02
9.119999999999969797e-02 2.416909350987269528e-02
9.129999999999971472e-02 2.423930721977885297e-02
9.139999999999970370e-02 2.430750850353923659e-02
9.149999999999972045e-02 2.437372070274656036e-02
9.159999999999970943e-02 2.443796715899350727e-02
9.169999999999969842e-02 2.450027121387278461e-02
9.179999999999971516e-02 2.456065620897710314e-02
9.189999999999970415e-02 2.461914548589913543e-02
9.199999999999972089e-02 2.467576238623158877e-02
9.209999999999970988e-02 2.473053025156716697e-02
9.219999999999969886e-02 2.478347242349855997e-02
9.229999999999971561e-02 2.483461224361847158e-02
9.239999999999970459e-02 2.488397305351959174e-02
9.249999999999970746e-02 2.493157819479462078e-02
9.259999999999971032e-02 2.497745100903626253e-02
9.269999999999969931e-02 2.502161483783721385e-02
9.279999999999970217e-02 2.506409302279015774e-02
9.289999999999970504e-02 2.510490890548781537e-02
9.299999999999970790e-02 2.514408582752286625e-02
9.309999999999971076e-02 2.518164713048802114e-02
9.319999999999969975e-02 2.521761615597596304e-02
9.329999999999970262e-02 2.525201624557939575e-02
9.339999999999970548e-02 2.528487074089102310e-02
9.349999999999970834e-02 2.531620298350353154e-02
9.359999999999971121e-02 2.534603631500963183e-02
9.369999999999970020e-02 2.537439407700201391e-02
9.379999999999970306e-02 2.540129961107337117e-02
9.389999999999970592e-02 2.542677625881641090e-02
9.399999999999969491e-02 2.545084736182382304e-02
9.409999999999969778e-02 2.547353626168831139e-02
9.419999999999970064e-02 2.549486630000256590e-02
9.429999999999970350e-02 2.551486081835930078e-02
9.439999999999969249e-02 2.553354315835118515e-02
9.449999999999969535e-02 2.555093666157094712e-02
9.459999999999969822e-02 2.556706466961126273e-02
9.469999999999970108e-02 2.558195052406483927e-02
9.479999999999970395e-02 2.559561756652438055e-02
9.489999999999969293e-02 2.560808913858256958e-02
9.499999999999969580e-02 2.561938858183211015e-02
9.509999999999969866e-02 2.562953923786569915e-02
9.519999999999970153e-02 2.563856444827604386e-02
9.529999999999970439e-02 2.564648755465582727e-02
9.539999999999969338e-02 2.565333189859776361e-02
9.549999999999969624e-02 2.565912082169452199e-02
9.559999999999969911e-02 2.566387766553883745e-02
9.569999999999968809e-02 2.566762577172337564e-02
9.579999999999970484e-02 2.567038848184085426e-02
9.589999999999969382e-02 2.567218913748395975e-02
9.599999999999968281e-02 2.567305108024539595e-02
9.609999999999969955e-02 2.567299765171786319e-02
9.619999999999968854e-02 2.567205219349404793e-02
9.629999999999970528e-02 2.567023804716665747e-02
9.639999999999969427e-02 2.566757855432838520e-02
9.649999999999968325e-02 2.566409705657193147e-02
9.659999999999970000e-02 2.565981689548999661e-02
9.669999999999968898e-02 2.565476141267527058e-02
9.679999999999969185e-02 2.564895394972045023e-02
9.689999999999969471e-02 2.564241784821824632e-02
9.699999999999968370e-02 2.563517644976134879e-02
9.709999999999970044e-02 2.562725309594244411e-02
9.719999999999968943e-02 2.561867112835424301e-02
9.729999999999967841e-02 2.560945388858944585e-02
9.739999999999969515e-02 2.559962471824074950e-02
9.749999999999968414e-02 2.558920695890083696e-02
9.759999999999968701e-02 2.557822395216242245e-02
9.769999999999968987e-02 2.556669903961818896e-02
9.779999999999967886e-02 2.555465208215245559e-02
9.789999999999969560e-02 2.554208901781595750e-02
9.799999999999968459e-02 2.552901230395105206e-02
9.809999999999968745e-02 2.551542439790007930e-02
9.819999999999969031e-02 2.550132775700540005e-02
9.829999999999967930e-02 2.548672483860935437e-02
9.839999999999969604e-02 2.547161810005428920e-02
9.849999999999968503e-02 2.545600999868257233e-02
9.859999999999968789e-02 2.543990299183653686e-02
9.869999999999969076e-02 2.542329953685855057e-02
9.879999999999967975e-02 2.540620209109093960e-02
9.889999999999968261e-02 2.538861311187607522e-02
9.899999999999968547e-02 2.537053505655630092e-02
9.909999999999968834e-02 2.535197038247396020e-02
9.919999999999967732e-02 2.533292154697140697e-02
9.929999999999968019e-02 2.531339100739099165e-02
9.939999999999968305e-02 2.529338122107507164e-02
9.949999999999968592e-02 2.527289464536598695e-02
9.959999999999967490e-02 2.525193373760609844e-02
9.969999999999967777e-02 2.523050095513774960e-02
9.979999999999968063e-02 2.520859875530327698e-02
9.989999999999968350e-02 2.518622959544505532e-02
9.999999999999968636e-02 2.516339593290542465e-02
1.000999999999996753e-01 2.514010022502673192e-02
1.001999999999996782e-01 2.511634492915132411e-02
1.002999999999996811e-01 2.509213250262156900e-02
1.003999999999996839e-01 2.506746540277979621e-02
1.004999999999996729e-01 2.504234608696837006e-02
1.005999999999996758e-01 2.501677701252962710e-02
1.006999999999996787e-01 2.499076063680592472e-02
1.007999999999996676e-01 2.496429941713962028e-02
1.008999999999996844e-01 2.493739581087305729e-02
1.009999999999996734e-01 2.491005227534858271e-02
1.010999999999996762e-01 2.488227126790854699e-02
1.011999999999996791e-01 2.485405524589530402e-02
1.012999999999996681e-01 2.482540666665121465e-02
1.013999999999996848e-01 2.479632798751860503e-02
1.014999999999996738e-01 2.476682166583983949e-02
1.015999999999996767e-01 2.473689015895726151e-02
1.016999999999996795e-01 2.470653592421323541e-02
1.017999999999996685e-01 2.467576141895010122e-02
1.018999999999996853e-01 2.464456910051020591e-02
1.019999999999996743e-01 2.461296142623590685e-02
1.020999999999996632e-01 2.458094085346954755e-02
1.021999999999996800e-01 2.454850983955348537e-02
1.022999999999996690e-01 2.451567084183006034e-02
1.023999999999996580e-01 2.448242631764163679e-02
1.024999999999996747e-01 2.444877872433055127e-02
1.025999999999996637e-01 2.441473051923916116e-02
1.026999999999996804e-01 2.438028415970981341e-02
1.027999999999996694e-01 2.434544210308486542e-02
1.028999999999996584e-01 2.431020680670666068e-02
1.029999999999996751e-01 2.427458072791754615e-02
1.030999999999996641e-01 2.423856632405987574e-02
1.031999999999996809e-01 2.420216605247600336e-02
1.032999999999996699e-01 2.416538237050827598e-02
1.033999999999996589e-01 2.412821773549903709e-02
1.034999999999996756e-01 2.409067460479065101e-02
1.035999999999996646e-01 2.405275543572545430e-02
1.036999999999996674e-01 2.401446268564581474e-02
1.037999999999996703e-01 2.397579881189405848e-02
1.038999999999996593e-01 2.393676627181256025e-02
1.039999999999996622e-01 2.389736752274364620e-02
1.040999999999996650e-01 2.385760502202967370e-02
1.041999999999996679e-01 2.381748122701301054e-02
1.042999999999996708e-01 2.377699859503598287e-02
1.043999999999996597e-01 2.373615958344096194e-02
1.044999999999996626e-01 2.369496664957029125e-02
1.045999999999996655e-01 2.365342225076630042e-02
1.046999999999996683e-01 2.361152884437137112e-02
1.047999999999996712e-01 2.356928888772782255e-02
1.048999999999996602e-01 2.352670483817803290e-02
1.049999999999996630e-01 2.348377915306434222e-02
1.050999999999996659e-01 2.344051428972909745e-02
1.051999999999996549e-01 2.339691270551464905e-02
1.052999999999996578e-01 2.335297685776335438e-02
1.053999999999996606e-01 2.330870920381754308e-02
1.054999999999996635e-01 2.326411220101959332e-02
1.055999999999996525e-01 2.321918830671183473e-02
1.056999999999996553e-01 2.317393997823662469e-02
1.057999999999996582e-01 2.312836967293631710e-02
1.058999999999996611e-01 2.308247984815325199e-02
1.059999999999996639e-01 2.303627296122979021e-02
1.060999999999996529e-01 2.298975146950828219e-02
1.061999999999996558e-01 2.294291783033106102e-02
1.062999999999996587e-01 2.289577450104049450e-02
1.063999999999996615e-01 2.284832393897892958e-02
1.064999999999996644e-01 2.280056860148871323e-02
1.065999999999996534e-01 2.275251094591219589e-02
1.066999999999996562e-01 2.270415342959172800e-02
1.067999999999996591e-01 2.265549850986966346e-02
1.068999999999996481e-01 2.260654864408834924e-02
1.069999999999996648e-01 2.255730628959012191e-02
1.070999999999996538e-01 2.250777390371736311e-02
1.071999999999996428e-01 2.245795394381240248e-02
1.072999999999996595e-01 2.240784886721757310e-02
1.073999999999996485e-01 2.235746113127526358e-02
1.074999999999996653e-01 2.230679319332779659e-02
1.075999999999996543e-01 2.225584751071753645e-02
1.076999999999996432e-01 2.220462654078682666e-02
1.077999999999996600e-01 2.215313274087802112e-02
1.078999999999996490e-01 2.210136856833345986e-02
1.079999999999996657e-01 2.204933648049549680e-02
1.080999999999996547e-01 2.199703893470649277e-02
1.081999999999996437e-01 2.194447838830878780e-02
1.082999999999996604e-01 2.189165729864473928e-02
1.083999999999996494e-01 2.183857812305669069e-02
1.084999999999996384e-01 2.178524331888699594e-02
1.085999999999996551e-01 2.173165534347799507e-02
1.086999999999996441e-01 2.167781665417205586e-02
1.087999999999996470e-01 2.162372970831151833e-02
1.088999999999996499e-01 2.156939696323872946e-02
1.089999999999996388e-01 2.151482087629605008e-02
1.090999999999996556e-01 2.146000390482580983e-02
1.091999999999996446e-01 2.140494850617039035e-02
1.092999999999996474e-01 2.134965713767212128e-02
1.093999999999996503e-01 2.129413225667334958e-02
1.094999999999996393e-01 2.123837632051643609e-02
1.095999999999996560e-01 2.118239178654371738e-02
1.096999999999996450e-01 2.112618111209756122e-02
1.097999999999996479e-01 2.106974675452032153e-02
1.098999999999996507e-01 2.101309117115431058e-02
1.099999999999996397e-01 2.095621681934192390e-02
1.100999999999996426e-01 2.089912615642548765e-02
1.101999999999996455e-01 2.084182163974734187e-02
1.102999999999996483e-01 2.078430572664986473e-02
1.103999999999996373e-01 2.072658087447539627e-02
1.104999999999996402e-01 2.066864954056626610e-02
1.105999999999996430e-01 2.061051418226486284e-02
1.106999999999996459e-01 2.055217725691349528e-02
1.107999999999996488e-01 2.049364122185454856e-02
1.108999999999996378e-01 2.043490853443035576e-02
1.109999999999996406e-01 2.037598165198325692e-02
1.110999999999996435e-01 2.031686303185562675e-02
1.111999999999996463e-01 2.025755513138979488e-02
1.112999999999996353e-01 2.019806040792812216e-02
1.113999999999996382e-01 2.013838131881295554e-02
1.114999999999996411e-01 2.007852032138664894e-02
1.115999999999996439e-01 2.001847987299154238e-02
1.116999999999996329e-01 1.995826243097000713e-02
1.117999999999996358e-01 1.989787045266435891e-02
1.118999999999996386e-01 1.983730639541697593e-02
1.119999999999996276e-01 1.977657271657021210e-02
1.120999999999996444e-01 1.971567187346638661e-02
1.121999999999996334e-01 1.965460632344788808e-02
1.122999999999996362e-01 1.959337852385702183e-02
1.123999999999996391e-01 1.953199093203619036e-02
1.124999999999996281e-01 1.947044600532770939e-02
1.125999999999996448e-01 1.940874620107392590e-02
1.126999999999996338e-01 1.934689397661721114e-02
1.127999999999996367e-01 1.928489178929989820e-02
1.128999999999996395e-01 1.922274209646435139e-02
1.129999999999996285e-01 1.916044735545291422e-02
1.130999999999996453e-01 1.909801002360792324e-02
1.131999999999996342e-01 1.903543255827175318e-02
1.132999999999996232e-01 1.897271741678674059e-02
1.133999999999996400e-01 1.890986705649522898e-02
1.134999999999996290e-01 1.884688393473958959e-02
1.135999999999996180e-01 1.878377050886215899e-02
1.136999999999996347e-01 1.872052923620527026e-02
1.137999999999996237e-01 1.865716257411131201e-02
1.138999999999996404e-01 1.859367297992259999e-02
1.139999999999996294e-01 1.853006291098150890e-02
1.140999999999996184e-01 1.846633482463037879e-02
1.141999999999996351e-01 1.840249117821154620e-02
1.142999999999996241e-01 1.833853442906738587e-02
1.143999999999996409e-01 1.827446703454022742e-02
1.144999999999996299e-01 1.821029145197243862e-02
1.145999999999996188e-01 1.814601013870636298e-02
1.146999999999996356e-01 1.808162555208434052e-02
1.147999999999996246e-01 1.801714014944872863e-02
1.148999999999996274e-01 1.795255638814188467e-02
1.149999999999996303e-01 1.788787672550614868e-02
1.150999999999996193e-01 1.782310361888388150e-02
1.151999999999996221e-01 1.775823952561741970e-02
1.152999999999996250e-01 1.769328690304911716e-02
1.153999999999996279e-01 1.762824820852133129e-02
1.154999999999996307e-01 1.756312589937640209e-02
1.155999999999996197e-01 1.749792243295670083e-02
1.156999999999996226e-01 1.743264026660455365e-02
1.157999999999996255e-01 1.736728185766230753e-02
1.158999999999996283e-01 1.730184966347234066e-02
1.159999999999996312e-01 1.723634614137697224e-02
1.160999999999996202e-01 1.717077374871858395e-02
1.161999999999996230e-01 1.710513494283949845e-02
1.162999999999996259e-01 1.703943218108208008e-02
1.163999999999996288e-01 1.697366792078867578e-02
1.164999999999996178e-01 1.690784461930163601e-02
1.165999999999996206e-01 1.684196473396330426e-02
1.166999999999996235e-01 1.677603072211604485e-02
1.167999999999996125e-01 1.671004504110219779e-02
1.168999999999996153e-01 1.664401014826410313e-02
1.169999999999996182e-01 1.657792850094413906e-02
1.170999999999996211e-01 1.651180255648462478e-02
1.171999999999996239e-01 1.644563477222794542e-02
1.172999999999996129e-01 1.637942760551642021e-02
1.173999999999996158e-01 1.631318351369239958e-02
1.174999999999996186e-01 1.624690495409826171e-02
1.175999999999996215e-01 1.618059438407632236e-02
1.176999999999996244e-01 1.611425426096896318e-02
1.177999999999996134e-01 1.604788704211851727e-02
1.178999999999996162e-01 1.598149518486733159e-02
1.179999999999996191e-01 1.591508114655776698e-02
1.180999999999996081e-01 1.584864738453216695e-02
1.181999999999996248e-01 1.578219635613288541e-02
1.182999999999996138e-01 1.571573051870226584e-02
1.183999999999996028e-01 1.564925232958267257e-02
1.184999999999996195e-01 1.558276424611643000e-02
1.185999999999996085e-01 1.551626872564591982e-02
1.186999999999996253e-01 1.544976822551346468e-02
1.187999999999996142e-01 1.538326520306143586e-02
1.188999999999996032e-01 1.531676211563217510e-02
1.189999999999996200e-01 1.525026142056801724e-02
1.190999999999996090e-01 1.518376557521134221e-02
1.191999999999996257e-01 1.511727703690447615e-02
1.192999999999996147e-01 1.505079826298977991e-02
1.193999999999996037e-01 1.498433171080960566e-02
1.194999999999996204e-01 1.491787983770629170e-02
1.195999999999996094e-01 1.485144510102220754e-02
1.196999999999995984e-01 1.478502995809968974e-02
1.197999999999996151e-01 1.471863686628107834e-02
1.198999999999996041e-01 1.465226828290874632e-02
1.199999999999996070e-01 1.458592666532504065e-02
1.200999999999996098e-01 1.451961447087228747e-02
1.201999999999995988e-01 1.445333415689285979e-02
1.202999999999996156e-01 1.438708818072909762e-02
1.203999999999996046e-01 1.432087899972336008e-02
1.204999999999996074e-01 1.425470907121799934e-02
1.205999999999996103e-01 1.418858085255533981e-02
1.206999999999995993e-01 1.412249680107776836e-02
1.207999999999996160e-01 1.405645937412759901e-02
1.208999999999996050e-01 1.399047102904721687e-02
1.209999999999996079e-01 1.392453422317895505e-02
1.210999999999996107e-01 1.385865141386514662e-02
1.211999999999995997e-01 1.379282505844817326e-02
1.212999999999996026e-01 1.372705761427036979e-02
1.213999999999996054e-01 1.366135153867408317e-02
1.214999999999996083e-01 1.359570928900166904e-02
1.215999999999995973e-01 1.353013332259548132e-02
1.216999999999996002e-01 1.346462609679784962e-02
1.217999999999996030e-01 1.339919006895115561e-02
1.218999999999996059e-01 1.333382769639772196e-02
1.219999999999996088e-01 1.326854143647991820e-02
1.220999999999995977e-01 1.320333374654008435e-02
1.221999999999996006e-01 1.313820708392056565e-02
1.222999999999996035e-01 1.307316390596372814e-02
1.223999999999996063e-01 1.300820667001190666e-02
1.224999999999995953e-01 1.294333783340746551e-02
1.225999999999995982e-01 1.287855985349274472e-02
1.226999999999996011e-01 1.281387518761008953e-02
1.227999999999996039e-01 1.274928629310186426e-02
1.228999999999995929e-01 1.268479562731041413e-02
1.229999999999995958e-01 1.262040564757807570e-02
1.230999999999995986e-01 1.255611881124722197e-02
1.231999999999995876e-01 1.249193757566018949e-02
1.232999999999996044e-01 1.242786439815932523e-02
1.233999999999995933e-01 1.236390173608699176e-02
1.234999999999995962e-01 1.230005204678552219e-02
1.235999999999995991e-01 1.223631778759728603e-02
1.236999999999995881e-01 1.217270141586462850e-02
1.237999999999996048e-01 1.210920538892987924e-02
1.238999999999995938e-01 1.204583216413541817e-02
1.239999999999995967e-01 1.198258419882356797e-02
1.240999999999995995e-01 1.191946395033671030e-02
1.241999999999995885e-01 1.185647387601717305e-02
1.242999999999996052e-01 1.179361643320730318e-02
1.243999999999995942e-01 1.173089407924946502e-02
1.244999999999995832e-01 1.166830927148600205e-02
1.245999999999996000e-01 1.160586446725925605e-02
1.246999999999995890e-01 1.154356212391159653e-02
1.247999999999995918e-01 1.148140469878536005e-02
1.248999999999995947e-01 1.141939464922289704e-02
1.249999999999995837e-01 1.135753443256656142e-02
1.250999999999996004e-01 1.129582650615869321e-02
1.251999999999995894e-01 1.123427332734166541e-02
1.252999999999995784e-01 1.117287735345781283e-02
1.253999999999995951e-01 1.111164104184947550e-02
1.254999999999995841e-01 1.105056684985902642e-02
1.255999999999996009e-01 1.098965723482879346e-02
1.256999999999995898e-01 1.092891465410114962e-02
1.257999999999995788e-01 1.086834156501843146e-02
1.258999999999995956e-01 1.080794042492298074e-02
1.259999999999995846e-01 1.074771369115716697e-02
1.260999999999995735e-01 1.068766335223256779e-02
1.261999999999995903e-01 1.062778952133771986e-02
1.262999999999995793e-01 1.056809184283041825e-02
1.263999999999995683e-01 1.050856996106843376e-02
1.264999999999995850e-01 1.044922352040953892e-02
1.265999999999995740e-01 1.039005216521153054e-02
1.266999999999995907e-01 1.033105553983217247e-02
1.267999999999995797e-01 1.027223328862926499e-02
1.268999999999995687e-01 1.021358505596057370e-02
1.269999999999995854e-01 1.015511048618387285e-02
1.270999999999995744e-01 1.009680922365695753e-02
1.271999999999995912e-01 1.003868091273759679e-02
1.272999999999995802e-01 9.980725197783580499e-03
1.273999999999995691e-01 9.922941723152684662e-03
1.274999999999995859e-01 9.865330133202680069e-03
1.275999999999995749e-01 9.807890072291360062e-03
1.276999999999995639e-01 9.750621184776507577e-03
1.277999999999995806e-01 9.693523115015881264e-03
1.278999999999995696e-01 9.636595507367283139e-03
1.279999999999995863e-01 9.579838006188489199e-03
1.280999999999995753e-01 9.523250255837271971e-03
1.281999999999995921e-01 9.466831900671402247e-03
1.282999999999995810e-01 9.410582585048685514e-03
1.283999999999995700e-01 9.354501953326892563e-03
1.284999999999995868e-01 9.298589649863797657e-03
1.285999999999995758e-01 9.242845319017185465e-03
1.286999999999995925e-01 9.187268605144821576e-03
1.287999999999995815e-01 9.131859152604511476e-03
1.288999999999995705e-01 9.076616605754020753e-03
1.289999999999995872e-01 9.021540608951135812e-03
1.290999999999995762e-01 8.966630806553629179e-03
1.291999999999995929e-01 8.911886842919269913e-03
1.292999999999995542e-01 8.857308362405884317e-03
1.293999999999995709e-01 8.802895009371187671e-03
1.294999999999995599e-01 8.748646428173011483e-03
1.295999999999995766e-01 8.694562263169116137e-03
1.296999999999995934e-01 8.640642158717267221e-03
1.297999999999995546e-01 8.586885759175294508e-03
1.298999999999995714e-01 8.533292708900911544e-03
1.299999999999995604e-01 8.479862652251949837e-03
1.300999999999995771e-01 8.426595233586166300e-03
1.301999999999995938e-01 8.373490097261333462e-03
1.302999999999995551e-01 8.320546887635272421e-03
1.303999999999995718e-01 8.267765249065705396e-03
1.304999999999995608e-01 8.215144825910456958e-03
1.305999999999995775e-01 8.162685262527292693e-03
1.306999999999995943e-01 8.110386203273976455e-03
1.307999999999995555e-01 8.058247292508334547e-03
1.308999999999995723e-01 8.006268174588087455e-03
1.309999999999995612e-01 7.954448493871058012e-03
1.310999999999995780e-01 7.902787894715015277e-03
1.311999999999995670e-01 7.851286021477733509e-03
1.312999999999995560e-01 7.799942518516999983e-03
1.313999999999995727e-01 7.748757030190575081e-03
1.314999999999995617e-01 7.697729200856268626e-03
1.315999999999995784e-01 7.646858674871846208e-03
1.316999999999995674e-01 7.596145096595090761e-03
1.317999999999995564e-01 7.545588110383783485e-03
1.318999999999995731e-01 7.495187360595683898e-03
1.319999999999995621e-01 7.444942491588603557e-03
1.320999999999995789e-01 7.394853147720309786e-03
1.321999999999995679e-01 7.344918973348581182e-03
1.322999999999995568e-01 7.295139612831198946e-03
1.323999999999995736e-01 7.245514710525927798e-03
1.324999999999995348e-01 7.196043910790593176e-03
1.325999999999995793e-01 7.146726857982913829e-03
1.326999999999995683e-01 7.097563196460717795e-03
1.327999999999995573e-01 7.048552570581767193e-03
1.328999999999995740e-01 6.999694624703831081e-03
1.329999999999995353e-01 6.950989003184725352e-03
1.330999999999995798e-01 6.902435350382181770e-03
1.331999999999995687e-01 6.854033310654017962e-03
1.332999999999995577e-01 6.805782528358001252e-03
1.333999999999995745e-01 6.757682647851900697e-03
1.334999999999995357e-01 6.709733313493532192e-03
1.335999999999995802e-01 6.661934169640625764e-03
1.336999999999995692e-01 6.614284860651001643e-03
1.337999999999995582e-01 6.566785030882421950e-03
1.338999999999995749e-01 6.519434324692660078e-03
1.339999999999995361e-01 6.472232386439532789e-03
1.340999999999995806e-01 6.425178860480764038e-03
1.341999999999995696e-01 6.378273391174179262e-03
1.342999999999995586e-01 6.331515622877543180e-03
1.343999999999995476e-01 6.284905199948634391e-03
1.344999999999995366e-01 6.238441766745235831e-03
1.345999999999995811e-01 6.192124967625113087e-03
1.346999999999995701e-01 6.145954446946070779e-03
1.347999999999995591e-01 6.099929849065879699e-03
1.348999999999995481e-01 6.054050818342317578e-03
1.349999999999995370e-01 6.008316999133165616e-03
1.350999999999995815e-01 5.962728035796189402e-03
1.351999999999995705e-01 5.917283572689195290e-03
1.352999999999995595e-01 5.871983254169952336e-03
1.353999999999995485e-01 5.826826724596237406e-03
1.354999999999995375e-01 5.781813628325833433e-03
1.355999999999995542e-01 5.736943609716508609e-03
1.356999999999995432e-01 5.692216313126077960e-03
1.357999999999995600e-01 5.647631382912272381e-03
1.358999999999995489e-01 5.603188463432912103e-03
1.359999999999995379e-01 5.558887199045759245e-03
1.360999999999995547e-01 5.514727234108587201e-03
1.361999999999995437e-01 5.470708212979210130e-03
1.362999999999995604e-01 5.426829780015359796e-03
1.363999999999995494e-01 5.383091579574852958e-03
1.364999999999995384e-01 5.339493256015459544e-03
1.365999999999995551e-01 5.296034453694943404e-03
1.366999999999995441e-01 5.252714816971123905e-03
1.367999999999995608e-01 5.209533990201731940e-03
1.368999999999995498e-01 5.166491617744584271e-03
1.369999999999995388e-01 5.123587343957448220e-03
1.370999999999995556e-01 5.080820813198092846e-03
1.371999999999995445e-01 5.038191669824334043e-03
1.372999999999995613e-01 4.995699558193902705e-03
1.373999999999995503e-01 4.953344122664617329e-03
1.374999999999995393e-01 4.911125007594243502e-03
1.375999999999995282e-01 4.869041857340563294e-03
1.376999999999995450e-01 4.827094316261356169e-03
1.377999999999995617e-01 4.785282028714390318e-03
1.378999999999995507e-01 4.743604639057468625e-03
1.379999999999995397e-01 4.702061791648361015e-03
1.380999999999995287e-01 4.660653130844848689e-03
1.381999999999995454e-01 4.619378301004708511e-03
1.382999999999995622e-01 4.578236946485709537e-03
1.383999999999995512e-01 4.537228711645658122e-03
1.384999999999995401e-01 4.496353240842321589e-03
1.385999999999995291e-01 4.455610178433475933e-03
1.386999999999995459e-01 4.414999168776905826e-03
1.387999999999995626e-01 4.374519856230379457e-03
1.388999999999995516e-01 4.334171885151698843e-03
1.389999999999995406e-01 4.293954899898633909e-03
1.390999999999995296e-01 4.253868544828963254e-03
1.391999999999995463e-01 4.213912464300466343e-03
1.392999999999995353e-01 4.174086302670926112e-03
1.393999999999995520e-01 4.134389704298109883e-03
1.394999999999995410e-01 4.094822313539819673e-03
1.395999999999995300e-01 4.055383774753825409e-03
1.396999999999995468e-01 4.016073732297907421e-03
1.397999999999995357e-01 3.976891830529843443e-03
1.398999999999995525e-01 3.937837713807406000e-03
1.399999999999995415e-01 3.898911026488395808e-03
1.400999999999995305e-01 3.860111412930580625e-03
1.401999999999995472e-01 3.821438517491742518e-03
1.402999999999995362e-01 3.782891984529660086e-03
1.403999999999995252e-01 3.744471458402115396e-03
1.404999999999995419e-01 3.706176583466876638e-03
1.405999999999995309e-01 3.668007004081744096e-03
1.406999999999995477e-01 3.629962364604490295e-03
1.407999999999995366e-01 3.592042309392892534e-03
1.408999999999995256e-01 3.554246482804732446e-03
1.409999999999995424e-01 3.516574529197779089e-03
1.410999999999995314e-01 3.479026092929834047e-03
1.411999999999995203e-01 3.441600818358665943e-03
1.412999999999995371e-01 3.404298349842056412e-03
1.413999999999995261e-01 3.367118331737785353e-03
1.414999999999995428e-01 3.330060408403620522e-03
1.415999999999995318e-01 3.293124224197365672e-03
1.416999999999995208e-01 3.256309423476788124e-03
1.417999999999995375e-01 3.219615650599669514e-03
1.418999999999995265e-01 3.183042549923789308e-03
1.419999999999995433e-01 3.146589765806917429e-03
1.420999999999995322e-01 3.110256942606855462e-03
1.421999999999995212e-01 3.074043724681372030e-03
1.422999999999995380e-01 3.037949756388247033e-03
1.423999999999995270e-01 3.001974682085261237e-03
1.424999999999995159e-01 2.966118146130195844e-03
1.425999999999995327e-01 2.930379792880819911e-03
1.426999999999995217e-01 2.894759266694933719e-03
1.427999999999995384e-01 2.859256211930305894e-03
1.428999999999995274e-01 2.823870272944718936e-03
1.429999999999995164e-01 2.788601094095952745e-03
1.430999999999995331e-01 2.753448319741776378e-03
1.431999999999995221e-01 2.718411594239990119e-03
1.432999999999995389e-01 2.683490561948363891e-03
1.433999999999995278e-01 2.648684867224678462e-03
1.434999999999995168e-01 2.613994154426714164e-03
1.435999999999995058e-01 2.579418067912250031e-03
1.436999999999995226e-01 2.544956252039057287e-03
1.437999999999995393e-01 2.510608351164935782e-03
1.438999999999995283e-01 2.476374009647655441e-03
1.439999999999995173e-01 2.442252871844996596e-03
1.440999999999995063e-01 2.408244582114738713e-03
1.441999999999995230e-01 2.374348784814653019e-03
1.442999999999995397e-01 2.340565124302539796e-03
1.443999999999995287e-01 2.306893244936166799e-03
1.444999999999995177e-01 2.273332791073316098e-03
1.445999999999995067e-01 2.239883407071768459e-03
1.446999999999995234e-01 2.206544737289293807e-03
1.447999999999995402e-01 2.173316426083689822e-03
1.448999999999995292e-01 2.140198117812728597e-03
1.449999999999995182e-01 2.107189456834191333e-03
1.450999999999995071e-01 2.074290087505856195e-03
1.451999999999995239e-01 2.041499654185495276e-03
1.452999999999995406e-01 2.008817801230905822e-03
1.453999999999995296e-01 1.976244172999859060e-03
1.454999999999995186e-01 1.943778413850136841e-03
1.455999999999995076e-01 1.911420168139517763e-03
1.456999999999994966e-01 1.879169080225782159e-03
1.457999999999995411e-01 1.847024794466700821e-03
1.458999999999995301e-01 1.814986955220073165e-03
1.459999999999995191e-01 1.783055206843669549e-03
1.460999999999995080e-01 1.751229193695269656e-03
1.461999999999994970e-01 1.719508560132654252e-03
1.462999999999995415e-01 1.687892950513594564e-03
1.463999999999995305e-01 1.656382009195888272e-03
1.464999999999995195e-01 1.624975380537306384e-03
1.465999999999995085e-01 1.593672708895629234e-03
1.466999999999994975e-01 1.562473638628637373e-03
1.467999999999994865e-01 1.531377814094110265e-03
1.468999999999995310e-01 1.500384879649819571e-03
1.469999999999995199e-01 1.469494479653563187e-03
1.470999999999995089e-01 1.438706258463112340e-03
1.471999999999994979e-01 1.408019860436247146e-03
1.472999999999994869e-01 1.377434929930747504e-03
1.473999999999995314e-01 1.346951111304385291e-03
1.474999999999995204e-01 1.316568048914957536e-03
1.475999999999995094e-01 1.286285387120236117e-03
1.476999999999994984e-01 1.256102770278000715e-03
1.477999999999994873e-01 1.226019842746031881e-03
1.478999999999995318e-01 1.196036248882101057e-03
1.479999999999995208e-01 1.166151633044005273e-03
1.480999999999995098e-01 1.136365639589516406e-03
1.481999999999994988e-01 1.106677912876414573e-03
1.482999999999994878e-01 1.077088097262479671e-03
1.483999999999995323e-01 1.047595837105483145e-03
1.484999999999995213e-01 1.018200776763222891e-03
1.485999999999995103e-01 9.889025605934699190e-04
1.486999999999994992e-01 9.597008329540045613e-04
1.487999999999994882e-01 9.305952382026070431e-04
1.488999999999995050e-01 9.015854206970570469e-04
1.489999999999995217e-01 8.726710247951269912e-04
1.490999999999995107e-01 8.438516948546135807e-04
1.491999999999994997e-01 8.151270752332881496e-04
1.492999999999994887e-01 7.864968102889309228e-04
1.493999999999995054e-01 7.579605443793224501e-04
1.494999999999995222e-01 7.295179218622343913e-04
1.495999999999995111e-01 7.011685870954633424e-04
1.496999999999995001e-01 6.729121844367811798e-04
1.497999999999994891e-01 6.447483582439679116e-04
1.498999999999995059e-01 6.166767528748040876e-04
1.499999999999994948e-01 5.886970126870692821e-04
1.500999999999995116e-01 5.608087820385362389e-04
1.501999999999995006e-01 5.330117052870003615e-04
1.502999999999994896e-01 5.053054267902346106e-04
1.503999999999995063e-01 4.776895909060182893e-04
1.504999999999994953e-01 4.501638419921323271e-04
1.505999999999995120e-01 4.227278244063483836e-04
1.506999999999995010e-01 3.953811825064624044e-04
1.507999999999994900e-01 3.681235606502471333e-04
1.508999999999995068e-01 3.409546031954821988e-04
1.509999999999994957e-01 3.138739544999478255e-04
1.510999999999995125e-01 0.000000000000000000e+00
1.511999999999995015e-01 0.000000000000000000e+00
1.512999999999994905e-01 0.000000000000000000e+00
1.513999999999995072e-01 0.000000000000000000e+00
1.514999999999994962e-01 0.000000000000000000e+00
1.515999999999995129e-01 0.000000000000000000e+00
1.516999999999995019e-01 0.000000000000000000e+00
1.517999999999994909e-01 0.000000000000000000e+00
1.518999999999995076e-01 0.000000000000000000e+00
1.519999999999994966e-01 0.000000000000000000e+00
1.520999999999994856e-01 0.000000000000000000e+00
1.521999999999995024e-01 0.000000000000000000e+00
1.522999999999994913e-01 0.000000000000000000e+00
1.523999999999994803e-01 0.000000000000000000e+00
1.524999999999994971e-01 0.000000000000000000e+00
1.525999999999994861e-01 0.000000000000000000e+00
1.526999999999995028e-01 0.000000000000000000e+00
1.527999999999994918e-01 0.000000000000000000e+00
1.528999999999994808e-01 0.000000000000000000e+00
1.529999999999994975e-01 0.000000000000000000e+00
1.530999999999994865e-01 0.000000000000000000e+00
1.531999999999994755e-01 0.000000000000000000e+00
1.532999999999994922e-01 0.000000000000000000e+00
1.533999999999994812e-01 0.000000000000000000e+00
1.534999999999994980e-01 0.000000000000000000e+00
1.535999999999994869e-01 0.000000000000000000e+00
1.536999999999994759e-01 0.000000000000000000e+00
1.537999999999994927e-01 0.000000000000000000e+00
1.538999999999994817e-01 0.000000000000000000e+00
1.539999999999994984e-01 0.000000000000000000e+00
1.540999999999994874e-01 0.000000000000000000e+00
1.541999999999994764e-01 0.000000000000000000e+00
1.542999999999994931e-01 0.000000000000000000e+00
1.543999999999994821e-01 0.000000000000000000e+00
1.544999999999994988e-01 0.000000000000000000e+00
1.545999999999994878e-01 0.000000000000000000e+00
1.546999999999994768e-01 0.000000000000000000e+00
1.547999999999994936e-01 0.000000000000000000e+00
1.548999999999994825e-01 0.000000000000000000e+00
1.549999999999994993e-01 0.000000000000000000e+00
1.550999999999994883e-01 0.000000000000000000e+00
1.551999999999994773e-01 0.000000000000000000e+00
1.552999999999994662e-01 0.000000000000000000e+00
1.553999999999994830e-01 0.000000000000000000e+00
1.554999999999994997e-01 0.000000000000000000e+00
1.555999999999994887e-01 0.000000000000000000e+00
1.556999999999994777e-01 0.000000000000000000e+00
1.557999999999994667e-01 0.000000000000000000e+00
1.558999999999994834e-01 0.000000000000000000e+00
1.559999999999995002e-01 0.000000000000000000e+00
1.560999999999994892e-01 0.000000000000000000e+00
1.561999999999994782e-01 0.000000000000000000e+00
1.562999999999994671e-01 0.000000000000000000e+00
1.563999999999994561e-01 0.000000000000000000e+00
1.564999999999995006e-01 0.000000000000000000e+00
1.565999999999994896e-01 0.000000000000000000e+00
1.566999999999994786e-01 0.000000000000000000e+00
1.567999999999994676e-01 0.000000000000000000e+00
1.568999999999994566e-01 0.000000000000000000e+00
1.569999999999995011e-01 0.000000000000000000e+00
1.570999999999994901e-01 0.000000000000000000e+00
1.571999999999994790e-01 0.000000000000000000e+00
1.572999999999994680e-01 0.000000000000000000e+00
1.573999999999994570e-01 0.000000000000000000e+00
1.574999999999995015e-01 0.000000000000000000e+00
1.575999999999994905e-01 0.000000000000000000e+00
1.576999999999994795e-01 0.000000000000000000e+00
1.577999999999994685e-01 0.000000000000000000e+00
1.578999999999994575e-01 0.000000000000000000e+00
1.579999999999995020e-01 0.000000000000000000e+00
1.580999999999994909e-01 0.000000000000000000e+00
1.581999999999994799e-01 0.000000000000000000e+00
1.582999999999994689e-01 0.000000000000000000e+00
1.583999999999994579e-01 0.000000000000000000e+00
1.584999999999994469e-01 0.000000000000000000e+00
1.585999999999994914e-01 0.000000000000000000e+00
1.586999999999994804e-01 0.000000000000000000e+00
1.587999999999994694e-01 0.000000000000000000e+00
1.588999999999994583e-01 0.000000000000000000e+00
1.589999999999994473e-01 0.000000000000000000e+00
1.590999999999994918e-01 0.000000000000000000e+00
1.591999999999994808e-01 0.000000000000000000e+00
1.592999999999994698e-01 0.000000000000000000e+00
1.593999999999994588e-01 0.000000000000000000e+00
1.594999999999994478e-01 0.000000000000000000e+00
1.595999999999994645e-01 0.000000000000000000e+00
1.596999999999994813e-01 0.000000000000000000e+00
1.597999999999994702e-01 0.000000000000000000e+00
1.598999999999994592e-01 0.000000000000000000e+00
1.599999999999994482e-01 0.000000000000000000e+00
1.600999999999994650e-01 0.000000000000000000e+00
1.601999999999994817e-01 0.000000000000000000e+00
1.602999999999994707e-01 0.000000000000000000e+00
1.603999999999994597e-01 0.000000000000000000e+00
1.604999999999994487e-01 0.000000000000000000e+00
1.605999999999994654e-01 0.000000000000000000e+00
1.606999999999994821e-01 0.000000000000000000e+00
1.607999999999994711e-01 0.000000000000000000e+00
1.608999999999994601e-01 0.000000000000000000e+00
1.609999999999994491e-01 0.000000000000000000e+00
1.610999999999994658e-01 0.000000000000000000e+00
1.611999999999994826e-01 0.000000000000000000e+00
1.612999999999994716e-01 0.000000000000000000e+00
1.613999999999994606e-01 0.000000000000000000e+00
1.614999999999994496e-01 0.000000000000000000e+00
1.615999999999994663e-01 0.000000000000000000e+00
1.616999999999994553e-01 0.000000000000000000e+00
1.617999999999994720e-01 0.000000000000000000e+00
1.618999999999994610e-01 0.000000000000000000e+00
1.619999999999994500e-01 0.000000000000000000e+00
1.620999999999994667e-01 0.000000000000000000e+00
1.621999999999994557e-01 0.000000000000000000e+00
1.622999999999994725e-01 0.000000000000000000e+00
1.623999999999994615e-01 0.000000000000000000e+00
1.624999999999994504e-01 0.000000000000000000e+00
1.625999999999994672e-01 0.000000000000000000e+00
1.626999999999994562e-01 0.000000000000000000e+00
1.627999999999994452e-01 0.000000000000000000e+00
1.628999999999994619e-01 0.000000000000000000e+00
1.629999999999994509e-01 0.000000000000000000e+00
1.630999999999994676e-01 0.000000000000000000e+00
1.631999999999994566e-01 0.000000000000000000e+00
1.632999999999994456e-01 0.000000000000000000e+00
1.633999999999994623e-01 0.000000000000000000e+00
1.634999999999994513e-01 0.000000000000000000e+00
1.635999999999994681e-01 0.000000000000000000e+00
1.636999999999994571e-01 0.000000000000000000e+00
1.637999999999994460e-01 0.000000000000000000e+00
1.638999999999994628e-01 0.000000000000000000e+00
1.639999999999994518e-01 0.000000000000000000e+00
1.640999999999994408e-01 0.000000000000000000e+00
1.641999999999994575e-01 0.000000000000000000e+00
1.642999999999994465e-01 0.000000000000000000e+00
1.643999999999994632e-01 0.000000000000000000e+00
1.644999999999994522e-01 0.000000000000000000e+00
1.645999999999994412e-01 0.000000000000000000e+00
1.646999999999994579e-01 0.000000000000000000e+00
1.647999999999994469e-01 0.000000000000000000e+00
1.648999999999994359e-01 0.000000000000000000e+00
1.649999999999994527e-01 0.000000000000000000e+00
1.650999999999994416e-01 0.000000000000000000e+00
1.651999999999994584e-01 0.000000000000000000e+00
1.652999999999994474e-01 0.000000000000000000e+00
1.653999999999994364e-01 0.000000000000000000e+00
1.654999999999994531e-01 0.000000000000000000e+00
1.655999999999994421e-01 0.000000000000000000e+00
1.656999999999994588e-01 0.000000000000000000e+00
1.657999999999994478e-01 0.000000000000000000e+00
1.658999999999994368e-01 0.000000000000000000e+00
1.659999999999994258e-01 0.000000000000000000e+00
1.660999999999994425e-01 0.000000000000000000e+00
1.661999999999994593e-01 0.000000000000000000e+00
1.662999999999994483e-01 0.000000000000000000e+00
1.663999999999994373e-01 0.000000000000000000e+00
1.664999999999994262e-01 0.000000000000000000e+00
1.665999999999994430e-01 0.000000000000000000e+00
1.666999999999994597e-01 0.000000000000000000e+00
1.667999999999994487e-01 0.000000000000000000e+00
1.668999999999994377e-01 0.000000000000000000e+00
1.669999999999994267e-01 0.000000000000000000e+00
1.670999999999994434e-01 0.000000000000000000e+00
1.671999999999994602e-01 0.000000000000000000e+00
1.672999999999994492e-01 0.000000000000000000e+00
1.673999999999994381e-01 0.000000000000000000e+00
1.674999999999994271e-01 0.000000000000000000e+00
1.675999999999994439e-01 0.000000000000000000e+00
1.676999999999994606e-01 0.000000000000000000e+00
1.677999999999994496e-01 0.000000000000000000e+00
1.678999999999994386e-01 0.000000000000000000e+00
1.679999999999994276e-01 0.000000000000000000e+00
1.680999999999994166e-01 0.000000000000000000e+00
1.681999999999994611e-01 0.000000000000000000e+00
1.682999999999994500e-01 0.000000000000000000e+00
1.683999999999994390e-01 0.000000000000000000e+00
1.684999999999994280e-01 0.000000000000000000e+00
1.685999999999994170e-01 0.000000000000000000e+00
1.686999999999994615e-01 0.000000000000000000e+00
1.687999999999994505e-01 0.000000000000000000e+00
1.688999999999994395e-01 0.000000000000000000e+00
1.689999999999994285e-01 0.000000000000000000e+00
1.690999999999994174e-01 0.000000000000000000e+00
1.691999999999994064e-01 0.000000000000000000e+00
1.692999999999994509e-01 0.000000000000000000e+00
1.693999999999994399e-01 0.000000000000000000e+00
1.694999999999994289e-01 0.000000000000000000e+00
1.695999999999994179e-01 0.000000000000000000e+00
1.696999999999994069e-01 0.000000000000000000e+00
1.697999999999994514e-01 0.000000000000000000e+00
1.698999999999994404e-01 0.000000000000000000e+00
1.699999999999994293e-01 0.000000000000000000e+00
1.700999999999994183e-01 0.000000000000000000e+00
1.701999999999994073e-01 0.000000000000000000e+00
1.702999999999994518e-01 0.000000000000000000e+00
1.703999999999994408e-01 0.000000000000000000e+00
1.704999999999994298e-01 0.000000000000000000e+00
1.705999999999994188e-01 0.000000000000000000e+00
1.706999999999994078e-01 0.000000000000000000e+00
1.707999999999994523e-01 0.000000000000000000e+00
1.708999999999994412e-01 0.000000000000000000e+00
1.709999999999994302e-01 0.000000000000000000e+00
1.710999999999994192e-01 0.000000000000000000e+00
1.711999999999994082e-01 0.000000000000000000e+00
1.712999999999994249e-01 0.000000000000000000e+00
1.713999999999994417e-01 0.000000000000000000e+00
1.714999999999994307e-01 0.000000000000000000e+00
1.715999999999994197e-01 0.000000000000000000e+00
1.716999999999994087e-01 0.000000000000000000e+00
1.717999999999994254e-01 0.000000000000000000e+00
1.718999999999994421e-01 0.000000000000000000e+00
1.719999999999994311e-01 0.000000000000000000e+00
1.720999999999994201e-01 0.000000000000000000e+00
1.721999999999994091e-01 0.000000000000000000e+00
1.722999999999994258e-01 0.000000000000000000e+00
1.723999999999994148e-01 0.000000000000000000e+00
1.724999999999994316e-01 0.000000000000000000e+00
1.725999999999994206e-01 0.000000000000000000e+00
1.726999999999994095e-01 0.000000000000000000e+00
1.727999999999994263e-01 0.000000000000000000e+00
1.728999999999994153e-01 0.000000000000000000e+00
1.729999999999994320e-01 0.000000000000000000e+00
1.730999999999994210e-01 0.000000000000000000e+00
1.731999999999994100e-01 0.000000000000000000e+00
1.732999999999994267e-01 0.000000000000000000e+00
1.733999999999994157e-01 0.000000000000000000e+00
1.734999999999994325e-01 0.000000000000000000e+00
1.735999999999994214e-01 0.000000000000000000e+00
1.736999999999994104e-01 0.000000000000000000e+00
1.737999999999994272e-01 0.000000000000000000e+00
1.738999999999994162e-01 0.000000000000000000e+00
1.739999999999994329e-01 0.000000000000000000e+00
1.740999999999994219e-01 0.000000000000000000e+00
1.741999999999994109e-01 0.000000000000000000e+00
1.742999999999994276e-01 0.000000000000000000e+00
1.743999999999994166e-01 0.000000000000000000e+00
1.744999999999994056e-01 0.000000000000000000e+00
1.745999999999994223e-01 0.000000000000000000e+00
1.746999999999994113e-01 0.000000000000000000e+00
1.747999999999994281e-01 0.000000000000000000e+00
1.748999999999994170e-01 0.000000000000000000e+00
1.749999999999994060e-01 0.000000000000000000e+00
1.750999999999994228e-01 0.000000000000000000e+00
1.751999999999994118e-01 0.000000000000000000e+00
1.752999999999994007e-01 0.000000000000000000e+00
1.753999999999994175e-01 0.000000000000000000e+00
1.754999999999994065e-01 0.000000000000000000e+00
1.755999999999993955e-01 0.000000000000000000e+00
1.756999999999994122e-01 0.000000000000000000e+00
1.757999999999994012e-01 0.000000000000000000e+00
1.758999999999994179e-01 0.000000000000000000e+00
1.759999999999994069e-01 0.000000000000000000e+00
1.760999999999993959e-01 0.000000000000000000e+00
1.761999999999994126e-01 0.000000000000000000e+00
1.762999999999994016e-01 0.000000000000000000e+00
1.763999999999994184e-01 0.000000000000000000e+00
1.764999999999994074e-01 0.000000000000000000e+00
1.765999999999993963e-01 0.000000000000000000e+00
1.766999999999994131e-01 0.000000000000000000e+00
1.767999999999994021e-01 0.000000000000000000e+00
1.768999999999994188e-01 0.000000000000000000e+00
1.769999999999994078e-01 0.000000000000000000e+00
1.770999999999993968e-01 0.000000000000000000e+00
1.771999999999994135e-01 0.000000000000000000e+00
1.772999999999994025e-01 0.000000000000000000e+00
1.773999999999994193e-01 0.000000000000000000e+00
1.774999999999994083e-01 0.000000000000000000e+00
1.775999999999993972e-01 0.000000000000000000e+00
1.776999999999993862e-01 0.000000000000000000e+00
1.777999999999994030e-01 0.000000000000000000e+00
1.778999999999994197e-01 0.000000000000000000e+00
1.779999999999994087e-01 0.000000000000000000e+00
1.780999999999993977e-01 0.000000000000000000e+00
1.781999999999993867e-01 0.000000000000000000e+00
1.782999999999994034e-01 0.000000000000000000e+00
1.783999999999994202e-01 0.000000000000000000e+00
1.784999999999994091e-01 0.000000000000000000e+00
1.785999999999993981e-01 0.000000000000000000e+00
1.786999999999993871e-01 0.000000000000000000e+00
1.787999999999993761e-01 0.000000000000000000e+00
1.788999999999994206e-01 0.000000000000000000e+00
1.789999999999994096e-01 0.000000000000000000e+00
1.790999999999993986e-01 0.000000000000000000e+00
1.791999999999993876e-01 0.000000000000000000e+00
1.792999999999993765e-01 0.000000000000000000e+00
1.793999999999994210e-01 0.000000000000000000e+00
1.794999999999994100e-01 0.000000000000000000e+00
1.795999999999993990e-01 0.000000000000000000e+00
1.796999999999993880e-01 0.000000000000000000e+00
1.797999999999993770e-01 0.000000000000000000e+00
1.798999999999994215e-01 0.000000000000000000e+00
1.799999999999994105e-01 0.000000000000000000e+00
1.800999999999993995e-01 0.000000000000000000e+00
1.801999999999993884e-01 0.000000000000000000e+00
1.802999999999993774e-01 0.000000000000000000e+00
1.803999999999994219e-01 0.000000000000000000e+00
1.804999999999994109e-01 0.000000000000000000e+00
1.805999999999993999e-01 0.000000000000000000e+00
1.806999999999993889e-01 0.000000000000000000e+00
1.807999999999993779e-01 0.000000000000000000e+00
1.808999999999993669e-01 0.000000000000000000e+00
1.809999999999994114e-01 0.000000000000000000e+00
1.810999999999994003e-01 0.000000000000000000e+00
1.811999999999993893e-01 0.000000000000000000e+00
1.812999999999993783e-01 0.000000000000000000e+00
1.813999999999993673e-01 0.000000000000000000e+00
1.814999999999994118e-01 0.000000000000000000e+00
1.815999999999994008e-01 0.000000000000000000e+00
1.816999999999993898e-01 0.000000000000000000e+00
1.817999999999993788e-01 0.000000000000000000e+00
1.818999999999993678e-01 0.000000000000000000e+00
1.819999999999993845e-01 0.000000000000000000e+00
1.820999999999994012e-01 0.000000000000000000e+00
1.821999999999993902e-01 0.000000000000000000e+00
1.822999999999993792e-01 0.000000000000000000e+00
1.823999999999993682e-01 0.000000000000000000e+00
1.824999999999993849e-01 0.000000000000000000e+00
1.825999999999994017e-01 0.000000000000000000e+00
1.826999999999993907e-01 0.000000000000000000e+00
1.827999999999993797e-01 0.000000000000000000e+00
1.828999999999993686e-01 0.000000000000000000e+00
1.829999999999993854e-01 0.000000000000000000e+00
1.830999999999994021e-01 0.000000000000000000e+00
1.831999999999993911e-01 0.000000000000000000e+00
1.832999999999993801e-01 0.000000000000000000e+00
1.833999999999993691e-01 0.000000000000000000e+00
1.834999999999993858e-01 0.000000000000000000e+00
1.835999999999994026e-01 0.000000000000000000e+00
1.836999999999993916e-01 0.000000000000000000e+00
1.837999999999993805e-01 0.000000000000000000e+00
1.838999999999993695e-01 0.000000000000000000e+00
1.839999999999993863e-01 0.000000000000000000e+00
1.840999999999993753e-01 0.000000000000000000e+00
1.841999999999993920e-01 0.000000000000000000e+00
1.842999999999993810e-01 0.000000000000000000e+00
1.843999999999993700e-01 0.000000000000000000e+00
1.844999999999993867e-01 0.000000000000000000e+00
1.845999999999993757e-01 0.000000000000000000e+00
1.846999999999993924e-01 0.000000000000000000e+00
1.847999999999993814e-01 0.000000000000000000e+00
1.848999999999993704e-01 0.000000000000000000e+00
1.849999999999993872e-01 0.000000000000000000e+00
1.850999999999993761e-01 0.000000000000000000e+00
1.851999999999993651e-01 0.000000000000000000e+00
1.852999999999993819e-01 0.000000000000000000e+00
1.853999999999993709e-01 0.000000000000000000e+00
1.854999999999993876e-01 0.000000000000000000e+00
1.855999999999993766e-01 0.000000000000000000e+00
1.856999999999993656e-01 0.000000000000000000e+00
1.857999999999993823e-01 0.000000000000000000e+00
1.858999999999993713e-01 0.000000000000000000e+00
1.859999999999993880e-01 0.000000000000000000e+00
1.860999999999993770e-01 0.000000000000000000e+00
1.861999999999993660e-01 0.000000000000000000e+00
1.862999999999993828e-01 0.000000000000000000e+00
1.863999999999993717e-01 0.000000000000000000e+00
1.864999999999993885e-01 0.000000000000000000e+00
1.865999999999993775e-01 0.000000000000000000e+00
1.866999999999993665e-01 0.000000000000000000e+00
1.867999999999993832e-01 0.000000000000000000e+00
1.868999999999993722e-01 0.000000000000000000e+00
1.869999999999993612e-01 0.000000000000000000e+00
1.870999999999993779e-01 0.000000000000000000e+00
1.871999999999993669e-01 0.000000000000000000e+00
1.872999999999993559e-01 0.000000000000000000e+00
1.873999999999993726e-01 0.000000000000000000e+00
1.874999999999993616e-01 0.000000000000000000e+00
1.875999999999993784e-01 0.000000000000000000e+00
1.876999999999993674e-01 0.000000000000000000e+00
1.877999999999993563e-01 0.000000000000000000e+00
1.878999999999993731e-01 0.000000000000000000e+00
1.879999999999993621e-01 0.000000000000000000e+00
1.880999999999993788e-01 0.000000000000000000e+00
1.881999999999993678e-01 0.000000000000000000e+00
1.882999999999993568e-01 0.000000000000000000e+00
1.883999999999993458e-01 0.000000000000000000e+00
1.884999999999993625e-01 0.000000000000000000e+00
1.885999999999993793e-01 0.000000000000000000e+00
1.886999999999993682e-01 0.000000000000000000e+00
1.887999999999993572e-01 0.000000000000000000e+00
1.888999999999993462e-01 0.000000000000000000e+00
1.889999999999993630e-01 0.000000000000000000e+00
1.890999999999993797e-01 0.000000000000000000e+00
1.891999999999993687e-01 0.000000000000000000e+00
1.892999999999993577e-01 0.000000000000000000e+00
1.893999999999993467e-01 0.000000000000000000e+00
1.894999999999993634e-01 0.000000000000000000e+00
1.895999999999993801e-01 0.000000000000000000e+00
1.896999999999993691e-01 0.000000000000000000e+00
1.897999999999993581e-01 0.000000000000000000e+00
1.898999999999993471e-01 0.000000000000000000e+00
1.899999999999993638e-01 0.000000000000000000e+00
1.900999999999993806e-01 0.000000000000000000e+00
1.901999999999993696e-01 0.000000000000000000e+00
1.902999999999993586e-01 0.000000000000000000e+00
1.903999999999993475e-01 0.000000000000000000e+00
1.904999999999993365e-01 0.000000000000000000e+00
1.905999999999993810e-01 0.000000000000000000e+00
1.906999999999993700e-01 0.000000000000000000e+00
1.907999999999993590e-01 0.000000000000000000e+00
1.908999999999993480e-01 0.000000000000000000e+00
1.909999999999993370e-01 0.000000000000000000e+00
1.910999999999993815e-01 0.000000000000000000e+00
1.911999999999993705e-01 0.000000000000000000e+00
1.912999999999993594e-01 0.000000000000000000e+00
1.913999999999993484e-01 0.000000000000000000e+00
1.914999999999993374e-01 0.000000000000000000e+00
1.915999999999993542e-01 0.000000000000000000e+00
1.916999999999993709e-01 0.000000000000000000e+00
1.917999999999993599e-01 0.000000000000000000e+00
1.918999999999993489e-01 0.000000000000000000e+00
1.919999999999993379e-01 0.000000000000000000e+00
1.920999999999993268e-01 0.000000000000000000e+00
1.921999999999993713e-01 0.000000000000000000e+00
1.922999999999993603e-01 0.000000000000000000e+00
1.923999999999993493e-01 0.000000000000000000e+00
1.924999999999993383e-01 0.000000000000000000e+00
1.925999999999993273e-01 0.000000000000000000e+00
1.926999999999993718e-01 0.000000000000000000e+00
1.927999999999993608e-01 0.000000000000000000e+00
1.928999999999993498e-01 0.000000000000000000e+00
1.929999999999993388e-01 0.000000000000000000e+00
1.930999999999993277e-01 0.000000000000000000e+00
1.931999999999993722e-01 0.000000000000000000e+00
1.932999999999993612e-01 0.000000000000000000e+00
1.933999999999993502e-01 0.000000000000000000e+00
1.934999999999993392e-01 0.000000000000000000e+00
1.935999999999993282e-01 0.000000000000000000e+00
1.936999999999993449e-01 0.000000000000000000e+00
1.937999999999993617e-01 0.000000000000000000e+00
1.938999999999993507e-01 0.000000000000000000e+00
1.939999999999993396e-01 0.000000000000000000e+00
1.940999999999993286e-01 0.000000000000000000e+00
1.941999999999993454e-01 0.000000000000000000e+00
1.942999999999993621e-01 0.000000000000000000e+00
1.943999999999993511e-01 0.000000000000000000e+00
1.944999999999993401e-01 0.000000000000000000e+00
1.945999999999993291e-01 0.000000000000000000e+00
1.946999999999993458e-01 0.000000000000000000e+00
1.947999999999993348e-01 0.000000000000000000e+00
1.948999999999993515e-01 0.000000000000000000e+00
1.949999999999993405e-01 0.000000000000000000e+00
1.950999999999993295e-01 0.000000000000000000e+00
1.951999999999993463e-01 0.000000000000000000e+00
1.952999999999993352e-01 0.000000000000000000e+00
1.953999999999993520e-01 0.000000000000000000e+00
1.954999999999993410e-01 0.000000000000000000e+00
1.955999999999993300e-01 0.000000000000000000e+00
1.956999999999993467e-01 0.000000000000000000e+00
1.957999999999993357e-01 0.000000000000000000e+00
1.958999999999993524e-01 0.000000000000000000e+00
1.959999999999993414e-01 0.000000000000000000e+00
1.960999999999993304e-01 0.000000000000000000e+00
1.961999999999993471e-01 0.000000000000000000e+00
1.962999999999993361e-01 0.000000000000000000e+00
1.963999999999993529e-01 0.000000000000000000e+00
1.964999999999993419e-01 0.000000000000000000e+00
1.965999999999993308e-01 0.000000000000000000e+00
1.966999999999993476e-01 0.000000000000000000e+00
1.967999999999993366e-01 0.000000000000000000e+00
1.968999999999993256e-01 0.000000000000000000e+00
1.969999999999993423e-01 0.000000000000000000e+00
1.970999999999993313e-01 0.000000000000000000e+00
1.971999999999993480e-01 0.000000000000000000e+00
1.972999999999993370e-01 0.000000000000000000e+00
1.973999999999993260e-01 0.000000000000000000e+00
1.974999999999993427e-01 0.000000000000000000e+00
1.975999999999993317e-01 0.000000000000000000e+00
1.976999999999993485e-01 0.000000000000000000e+00
1.977999999999993375e-01 0.000000000000000000e+00
1.978999999999993264e-01 0.000000000000000000e+00
1.979999999999993154e-01 0.000000000000000000e+00
1.980999999999993322e-01 0.000000000000000000e+00
1.981999999999993212e-01 0.000000000000000000e+00
1.982999999999993379e-01 0.000000000000000000e+00
1.983999999999993269e-01 0.000000000000000000e+00
1.984999999999993159e-01 0.000000000000000000e+00
1.985999999999993326e-01 0.000000000000000000e+00
1.986999999999993216e-01 0.000000000000000000e+00
1.987999999999993384e-01 0.000000000000000000e+00
1.988999999999993273e-01 0.000000000000000000e+00
1.989999999999993163e-01 0.000000000000000000e+00
1.990999999999993331e-01 0.000000000000000000e+00
1.991999999999993221e-01 0.000000000000000000e+00
1.992999999999993388e-01 0.000000000000000000e+00
1.993999999999993278e-01 0.000000000000000000e+00
1.994999999999993168e-01 0.000000000000000000e+00
1.995999999999993335e-01 0.000000000000000000e+00
1.996999999999993225e-01 0.000000000000000000e+00
1.997999999999993392e-01 0.000000000000000000e+00
1.998999999999993282e-01 0.000000000000000000e+00
1.999999999999993172e-01 0.000000000000000000e+00
2.000999999999993062e-01 0.000000000000000000e+00
2.001999999999993229e-01 0.000000000000000000e+00
2.002999999999993397e-01 0.000000000000000000e+00
2.003999999999993287e-01 0.000000000000000000e+00
2.004999999999993177e-01 0.000000000000000000e+00
2.005999999999993066e-01 0.000000000000000000e+00
2.006999999999993234e-01 0.000000000000000000e+00
2.007999999999993401e-01 0.000000000000000000e+00
2.008999999999993291e-01 0.000000000000000000e+00
