108.88671875000
107.91015625000
106.93359375000
105.95703125000
104.98046875000
104.00390625000
103.02734375000
102.05078125000
101.07421875000
100.09765625000
99.12109375000
98.14453125000
97.16796875000
96.19140625000
95.21484375000
94.23828125000
93.26171875000
92.28515625000
91.30859375000
90.33203125000
89.35546875000
88.37890625000
87.40234375000
86.42578125000
85.44921875000
84.47265625000
83.49609375000
82.51953125000
81.54296875000
80.56640625000
79.58984375000
78.61328125000
77.63671875000
76.66015625000
75.68359375000
74.70703125000
73.73046875000
72.75390625000
71.77734375000
70.80078125000
69.82421875000
68.84765625000
67.87109375000
66.89453125000
65.91796875000
64.94140625000
63.96484375000
62.98828125000
62.01171875000
61.03515625000
60.05859375000
59.08203125000
58.10546875000
57.12890625000
56.15234375000
55.17578125000
54.19921875000
53.22265625000
52.24609375000
51.26953125000
50.29296875000
49.31640625000
48.33984375000
47.36328125000
46.38671875000
45.41015625000
44.43359375000
43.45703125000
42.48046875000
41.50390625000
40.52734375000
39.55078125000