90 1.186628574875221546e-02
85 4.082610030014181823e-02
80 1.150559191863285147e-01
75 2.160427465469042241e-01
70 3.406995316060307810e-01
65 4.844087242799683390e-01
60 6.084043009557846826e-01
55 7.258664518360818940e-01
50 8.077908622381577697e-01
45 8.673972251809466405e-01
40 9.336875768537765685e-01
35 9.979059921057329419e-01
30 1.000000000000000000e+00
25 9.695123157480255438e-01
20 8.108233928670328661e-01
15 5.716382154033851082e-01
10 3.288197495239422175e-01
05 9.901951699444297428e-02
